67 4489 14 1
25 63 19983
49 18 26963
9 29 23009
25 30 10286
45 6 14693
61 11 8464
12 19 29821
39 36 2365
12 7 20737
56 51 21002
9 63 14701
15 10 24386
21 36 25930
49 21 10680
56 11 25508
26 27 2101
46 4 1770
16 56 19722
23 8 28411
67 32 28897
45 62 22880
30 38 13226
37 56 18650
10 57 700
62 53 19659
61 28 8055
5 21 1576
16 22 1036
64 23 19189
62 30 27710
22 47 19061
21 53 17975
53 50 9117
33 1 13242
43 20 19558
37 21 15977
19 37 17417
10 30 462
54 25 9056
19 11 25707
29 6 1484
13 11 5377
52 50 19063
11 9 29634
51 55 8404
14 27 26426
33 23 1176
33 48 27399
34 1 3254
2 57 31420
16 36 3573
58 46 25989
25 38 23868
46 44 10083
44 26 18097
47 34 11033
4 65 26159
25 43 25632
15 16 17100
6 1 4677
23 30 12897
28 62 18610
21 65 27472
13 5 4245
25 15 6654
10 19 17318
10 58 7356
39 21 5430
42 26 1044
15 38 16528
65 6 28337
22 58 2515
23 37 8031
47 41 14986
30 48 4314
44 29 5554
32 50 7769
28 67 30445
1 16 26912
3 32 6159
64 7 10930
52 17 9615
64 13 24978
17 14 29393
41 46 31163
50 58 12859
4 62 27838
43 36 28772
21 67 32406
42 58 30142
9 3 9967
53 29 27875
10 43 14811
29 48 17393
56 46 29004
13 27 25784
48 30 2811
44 7 14524
16 67 19258
2 29 9404
42 65 28008
6 56 16300
42 24 4338
48 28 29652
2 59 4085
50 36 10665
36 67 15961
8 39 5140
14 31 9851
66 12 9531
66 29 11318
8 28 4777
4 12 23953
31 27 1507
64 3 32636
46 58 4804
32 27 19037
67 13 24383
38 32 7518
17 57 8279
40 10 190
14 45 15972
21 61 28306
46 29 9998
20 29 22199
57 8 7544
22 38 32228
36 19 18832
2 58 286
51 29 28046
4 48 15871
41 47 5366
60 9 30086
58 5 21189
11 53 631
66 1 19596
2 4 15721
27 6 28323
8 5 30745
36 38 18886
25 5 9881
21 55 21678
10 54 10358
67 18 11396
33 27 31977
38 54 1356
9 6 21676
25 45 22410
66 32 14614
62 39 2780
58 28 13175
16 21 30010
55 60 20731
24 13 5396
24 64 5205
17 13 7543
63 4 23227
49 6 8189
28 5 4414
12 9 6018
22 43 20912
1 60 3230
56 67 23221
64 66 17158
39 58 23320
14 54 18466
49 13 23052
41 67 24638
46 17 16834
55 47 25093
6 53 975
21 9 833
24 13 10077
2 43 19227
13 63 24351
49 24 7500
24 43 6518
12 23 28414
49 63 26449
16 3 337
7 60 9903
17 65 18106
57 7 9159
47 34 12223
14 44 28737
29 8 20663
32 22 4621
41 32 30099
3 66 29619
49 48 6630
21 35 15926
30 21 10910
13 37 2267
7 23 17454
57 16 9592
63 9 6936
11 48 20502
9 29 13848
6 8 16134
29 13 26725
13 54 3267
19 56 24505
18 46 18221
19 13 27942
21 64 10245
3 51 16608
21 22 10418
55 41 28803
27 57 22456
54 67 7297
66 63 8298
18 37 13494
13 42 9651
41 66 1376
5 24 30489
38 2 11483
4 22 21312
9 48 12288
41 51 28048
8 6 26102
17 15 21720
12 19 13773
54 18 14081
28 6 28485
3 18 25123
53 48 13704
22 17 7589
1 30 19911
57 34 22063
39 63 31987
38 45 11664
42 13 18188
17 1 23534
27 36 10174
19 24 467
9 41 3903
57 21 8949
13 37 24496
41 10 4051
39 28 9840
8 21 6259
34 21 10777
17 16 3304
39 45 28966
49 12 24687
11 43 28279
14 57 19001
46 29 22564
10 48 2885
43 55 8806
52 46 8918
47 64 31610
15 60 17250
47 22 18124
22 55 22550
56 15 17615
59 36 28479
47 43 8773
23 57 30771
55 44 25837
30 22 923
61 52 25804
43 14 11043
21 37 2189
8 42 508
60 34 8363
1 55 440
7 48 20579
10 56 24423
3 15 17572
31 2 8954
67 55 22637
65 64 20317
52 39 864
13 44 29636
49 13 23159
35 36 12057
35 47 21527
8 52 5277
30 59 14322
23 28 3337
6 8 30848
57 47 20952
49 52 30454
31 6 2185
53 54 13307
11 17 25070
47 67 32404
16 24 1510
9 60 8188
12 61 3610
28 26 7776
7 4 29330
12 65 18874
42 48 8502
29 9 11582
38 64 5539
16 25 1304
57 6 14549
45 32 19308
15 6 10385
12 31 8403
66 36 21665
53 7 5072
48 2 13360
50 6 26605
40 20 16373
19 29 18562
49 34 28139
42 33 7256
33 55 12734
25 46 18076
13 31 4418
4 14 22246
19 25 16014
64 65 19777
35 37 29062
19 14 30832
14 31 30977
52 48 25579
18 25 16338
13 20 6213
22 45 23636
25 48 27641
40 21 16716
61 64 7125
39 47 23874
52 2 10616
2 56 29085
22 48 25501
6 31 15649
55 51 20272
19 23 19885
32 36 14677
1 56 31549
54 47 23025
42 17 17059
16 6 27480
49 23 116
42 35 18207
13 55 32028
28 39 16723
51 29 24851
52 47 29307
65 16 5290
3 59 13873
45 47 20719
30 57 10036
6 15 20367
67 33 9029
11 54 9670
48 67 12333
32 26 31418
26 39 18616
43 22 983
38 57 29584
10 61 4609
43 59 24373
17 35 4287
22 36 26002
21 5 31356
26 52 14044
28 22 4755
14 13 7664
64 47 24785
19 37 12545
42 39 3461
37 60 17402
50 17 6217
66 61 20373
3 15 25146
29 42 8243
7 63 14947
30 64 25874
47 51 19222
65 18 17032
45 7 25125
47 10 10779
35 4 10048
24 8 4482
60 66 15073
23 39 15862
37 44 15755
66 29 19299
50 35 12870
50 49 28492
24 16 24740
37 17 17799
23 47 6571
10 62 18719
2 44 15838
34 54 25393
59 29 13129
46 29 5594
27 62 29833
36 55 5698
4 43 29278
37 2 7399
62 59 111
66 20 25125
36 34 9253
65 24 14473
61 17 23779
20 22 26730
61 60 17677
43 45 22474
17 60 984
19 9 31416
25 37 5597
51 16 1949
55 25 1758
25 39 18494
35 38 24907
1 10 27493
45 37 26716
60 44 17500
20 21 14304
36 29 15560
23 9 12559
49 20 12941
34 9 15882
22 15 24245
24 25 32195
44 39 919
25 49 26754
46 62 20403
20 47 335
55 56 28662
12 60 17120
29 44 1900
18 66 14038
28 26 31621
33 9 7291
2 37 2936
44 62 16443
64 12 20078
26 21 14214
19 67 18286
56 54 11493
33 24 3923
40 4 22119
22 4 29736
15 9 9396
49 66 10940
50 2 17242
64 38 6741
54 25 13122
39 41 13251
44 38 11847
18 2 31813
45 26 12126
26 10 18942
45 62 31967
55 7 29424
13 1 31429
51 64 12461
15 34 26877
12 45 2630
12 8 5666
62 35 804
64 17 2362
40 4 26814
5 14 17736
1 28 12922
55 8 8145
29 4 19992
52 16 16302
33 45 14450
9 64 19382
65 57 13685
15 44 10538
1 10 11177
20 34 30705
8 14 26266
43 65 20209
43 48 8448
9 58 9535
48 55 639
35 64 25807
60 35 1612
45 8 27114
51 60 22302
8 34 16034
29 28 25147
11 31 17384
46 56 1658
36 2 16924
59 64 9609
3 18 23150
42 62 12625
1 41 25742
21 55 22272
13 12 9994
6 20 16680
61 11 16593
24 38 32106
44 55 28991
26 38 30563
18 44 3907
1 17 15945
42 43 4701
33 10 25657
12 7 20984
21 6 16010
36 48 5327
48 26 28874
4 36 27985
41 57 13353
63 25 331
35 61 19325
28 45 2627
48 4 6190
2 67 26940
18 37 24220
30 26 25577
14 11 2282
19 57 23151
15 20 11565
47 61 19532
8 17 22641
26 44 10237
56 38 12818
54 46 29809
27 56 858
40 46 13432
20 45 7524
15 16 17315
55 11 2997
23 4 10584
34 39 3083
50 16 18946
27 31 29772
15 13 18343
7 1 5537
23 33 6732
8 11 22558
25 33 15851
61 52 19593
9 64 5867
41 48 23065
64 44 12116
16 66 3146
67 55 32318
63 65 26902
49 50 22566
49 62 12848
33 67 16939
57 27 5145
52 33 31592
54 64 7205
18 3 30436
36 2 27337
8 5 1485
61 47 2508
27 11 25848
17 60 9773
22 54 4577
64 17 15327
23 17 2717
50 13 5544
48 51 14712
31 39 28105
41 51 6204
5 33 3127
56 29 24659
35 48 1415
44 1 13373
27 29 18920
3 31 25620
22 3 5563
5 32 4628
31 61 7581
64 63 23908
9 57 3601
40 19 10380
42 45 15106
38 4 24161
63 35 13782
31 40 4946
30 65 204
41 8 23117
54 40 19669
56 17 27588
58 49 11059
33 34 8821
31 51 28277
62 67 9467
11 37 11953
27 65 9310
9 15 4880
5 31 31822
39 5 20288
29 39 4275
10 53 10547
44 23 11005
14 59 21223
24 45 8944
7 2 22903
50 19 24220
35 53 23866
30 54 16545
24 18 12558
45 33 3555
32 46 19636
41 54 11275
23 29 28160
63 5 11363
15 39 22472
65 5 3827
52 31 28369
42 19 8972
55 48 28014
67 27 2721
57 36 23339
60 1 8357
52 33 15538
7 45 5923
46 7 1820
42 37 27900
39 14 4775
67 65 12784
19 31 9169
45 21 20553
26 18 22769
61 15 10909
2 67 21913
12 19 16723
8 19 22350
45 33 26363
8 20 6023
33 17 7064
30 2 3313
57 62 13402
62 57 21623
31 29 17990
43 20 2554
26 48 23151
55 64 384
17 13 7367
51 34 31536
38 26 30006
60 67 22962
56 65 2970
62 7 30272
32 21 7488
13 7 18879
57 56 29981
44 15 30381
48 38 27253
55 28 21203
61 53 16813
65 19 24817
57 37 14710
12 55 2530
50 30 674
44 29 8684
47 23 27445
36 1 12852
29 23 13712
7 46 22832
47 18 9811
7 26 27017
51 35 23746
41 10 6462
11 55 8499
67 24 2574
48 52 11867
29 36 6104
3 50 10319
57 26 8472
43 30 23441
57 48 18085
5 66 13598
49 12 9395
63 12 23284
43 2 15244
25 35 18877
49 34 2173
13 20 1960
29 15 16361
11 61 9624
1 17 16258
9 7 16174
9 42 15376
60 34 16217
48 52 28761
50 33 12916
56 32 15106
41 48 2825
52 3 12408
20 53 30328
34 19 371
5 44 8112
11 14 20063
12 65 5609
28 43 13783
53 57 25187
46 9 19565
63 13 28474
12 52 6361
56 34 1101
22 51 1932
40 9 7271
5 65 21629
64 27 21962
65 23 27413
43 36 16137
4 29 23084
64 47 6398
39 36 23536
14 39 10600
1 23 9684
23 15 1211
22 41 1549
6 32 8946
67 57 5206
40 23 22219
42 23 7273
31 57 15420
9 49 12971
46 18 24071
38 49 21499
22 18 31659
66 19 6068
4 1 20522
55 46 26413
65 1 20321
14 28 28269
17 38 23548
3 34 26501
11 35 22477
56 33 27999
53 7 10860
44 58 26025
40 20 29436
13 39 26905
30 1 26428
60 21 14864
9 48 20189
30 7 27498
50 13 9744
46 7 3955
56 59 16436
35 32 12341
8 52 10678
31 22 2471
27 25 13429
6 3 21336
67 30 7242
14 9 10925
8 21 6535
57 43 12249
26 63 5516
27 50 30464
42 24 6589
62 43 23638
18 23 2944
11 14 25882
34 15 26641
41 51 28846
30 41 2375
33 38 25671
3 34 6307
50 33 235
11 42 18493
13 30 1710
27 10 16753
63 9 31091
4 66 8773
2 45 24349
43 18 12950
41 51 5689
22 56 8651
15 67 19511
49 34 6093
1 55 14100
36 34 18133
18 60 7075
50 42 7627
16 61 29758
42 34 13246
55 38 3439
37 58 12022
26 7 13792
18 59 12109
28 66 20772
15 55 30417
4 60 13637
67 18 31970
46 27 18718
35 24 5957
35 34 28118
2 22 16867
13 7 26669
39 34 6448
40 63 20050
43 37 9321
21 60 1393
64 5 25646
59 61 9805
37 15 3878
6 62 17010
63 44 18854
32 35 4798
5 50 1139
61 58 31893
20 32 22183
26 53 7544
9 12 20492
15 27 1988
7 13 4288
21 27 8479
7 41 3876
41 26 12951
27 66 24321
49 29 31850
42 63 29254
47 11 17058
38 49 5748
26 50 24338
50 2 32274
37 46 6742
17 24 1996
16 55 12508
4 22 15609
48 8 18987
6 46 16325
23 58 6113
21 27 9527
51 8 7954
26 12 4540
18 64 10783
33 3 28432
35 33 23066
1 56 18573
58 16 5700
67 48 22349
25 63 32096
50 44 6572
13 34 20409
5 59 2553
13 36 23099
24 53 13958
3 2 2541
56 11 12632
32 61 19623
62 10 6169
26 54 3812
11 18 25896
13 14 20466
33 10 24786
61 9 15615
3 51 30235
42 48 27040
13 28 8993
42 10 12317
30 46 27491
61 10 11056
4 31 27330
21 45 14830
29 47 26566
44 16 4246
7 15 15637
38 24 23678
29 1 11354
58 51 1186
29 19 14161
54 61 32632
41 43 26367
47 60 26334
44 4 21056
41 61 22837
43 40 27698
20 51 25352
58 1 30760
9 41 11991
60 49 17438
57 35 8400
52 65 19448
31 25 25255
58 29 30436
9 8 18382
55 23 3510
19 46 27824
45 8 9254
34 54 5062
6 31 18471
42 38 6555
33 24 12761
28 33 29982
57 1 13248
62 21 11213
67 1 7755
53 15 31135
18 16 31437
24 36 15038
20 43 16754
1 3 31083
39 9 19167
28 17 27804
40 1 2422
16 55 17470
25 28 24442
12 34 26144
3 60 32385
30 58 19176
22 61 29183
32 27 3247
62 7 6598
67 35 266
61 19 15062
39 57 30388
53 67 15311
15 21 29456
63 12 28639
57 30 9787
39 54 19979
31 1 19566
36 49 27675
13 55 27090
33 26 23447
11 19 18974
34 10 27798
30 40 32668
26 4 22836
15 7 6292
24 50 19406
53 21 1507
2 42 25094
3 26 22598
28 9 16452
41 18 11993
62 61 17956
38 51 16958
16 34 5346
7 58 32745
5 58 2374
65 37 8904
2 27 22504
30 57 30863
10 34 28900
52 23 2587
28 63 3162
67 37 662
16 6 21326
16 37 17517
24 34 4287
57 51 27711
40 45 17678
12 61 24890
36 11 27159
30 29 20402
24 41 16509
63 56 21968
55 11 12060
21 36 5032
36 12 19554
55 13 11157
58 9 1617
32 6 6843
49 35 12671
60 19 30198
32 60 31128
1 49 19276
52 12 17501
10 17 18429
29 2 15348
35 8 2167
64 9 4153
58 51 6047
31 30 9853
60 53 25544
14 47 27768
14 24 14817
65 9 11869
45 6 18373
3 51 31054
24 58 19640
14 9 2720
64 13 2922
67 59 25007
32 54 21282
27 62 3386
30 29 7647
31 47 3702
49 37 24453
33 55 31577
47 22 18043
60 21 14035
26 38 26695
25 44 28908
50 46 13566
5 50 31226
58 66 8877
5 34 7027
40 4 24073
44 2 28169
19 31 32760
12 67 22536
67 45 24545
43 64 20537
31 62 10429
33 48 174
21 49 27492
10 6 16968
44 36 4741
44 62 29912
38 12 27979
41 37 16677
44 28 2981
55 53 10556
67 28 29601
24 2 16604
16 51 22878
26 40 19161
47 14 2946
46 16 6596
7 52 17464
41 36 16710
48 32 4888
44 51 13031
29 35 11930
56 43 7229
48 10 15315
39 20 5554
38 28 4526
53 36 14439
6 37 14568
4 67 22237
58 19 31859
37 55 10088
12 44 22028
23 49 156
26 56 28963
21 29 10029
3 65 29296
48 29 27142
9 46 15558
8 65 13429
55 44 7167
13 9 10180
20 66 9494
42 66 1182
39 38 18134
34 36 510
66 37 2198
23 58 29360
35 40 23811
46 56 7042
59 38 19693
67 66 11182
56 17 8834
53 60 13878
5 48 14216
67 22 9756
7 65 10612
6 62 16575
67 23 3182
23 46 12491
63 28 21153
63 31 6514
64 44 3941
63 21 9452
56 21 5680
22 8 12922
34 56 17222
18 33 1876
41 47 4260
51 57 842
15 47 925
61 19 9484
24 17 4122
37 30 29509
35 3 21637
55 6 16358
34 46 27270
56 15 23312
43 11 15117
52 21 20250
13 67 32155
39 18 30805
21 58 27961
22 7 6296
67 64 1816
26 33 9476
5 60 18167
43 16 2724
46 10 18286
65 29 1067
64 6 7924
47 64 17785
3 29 23938
58 65 4531
43 49 6161
66 58 22298
54 56 18040
4 49 14296
47 12 11594
17 30 2426
17 56 28865
21 27 23781
35 42 3812
61 52 7887
26 37 11874
9 32 25907
55 22 15578
61 4 6195
27 11 4742
29 1 25955
44 31 2696
29 6 25212
42 63 1607
27 14 218
18 33 30617
65 29 1372
28 64 8376
44 50 12413
44 59 2605
36 3 12475
54 12 3637
4 26 28077
22 66 5710
52 26 17491
26 46 4846
37 34 32133
28 26 7829
26 25 11661
9 34 29873
6 9 22610
4 47 14871
17 9 14235
40 10 22519
63 5 26963
12 66 11157
35 53 10710
27 48 23602
9 42 8882
8 15 5604
56 7 20569
48 64 852
46 30 8641
18 10 31129
41 5 19166
21 26 12451
31 63 24440
25 3 26617
46 29 15832
35 39 19131
28 52 10542
34 28 5919
40 3 16848
40 28 19683
43 8 23959
16 1 17262
18 16 11524
42 22 21396
5 12 10750
19 27 2617
35 4 4925
14 58 28743
23 33 17347
8 54 10672
31 5 6128
56 29 20606
50 64 23062
65 61 21006
42 54 28312
41 55 1044
4 66 15348
30 55 29696
60 52 9554
39 65 28360
9 44 28258
34 17 14423
56 20 5561
52 10 12552
49 34 12009
9 38 3313
26 1 6147
46 3 5114
16 26 7761
5 19 29412
6 63 21596
24 55 17616
35 57 4001
55 60 31212
59 15 20098
30 7 27468
59 7 14165
47 12 5399
29 53 1953
54 67 26513
19 54 14049
46 47 13486
53 54 21104
56 27 17196
2 27 16486
16 1 20838
26 58 13708
14 9 8545
2 64 20147
60 37 21702
14 60 30739
21 48 15034
24 62 11646
27 17 2779
25 31 13444
10 60 12237
38 48 19939
47 30 2330
23 3 3542
63 33 16205
53 32 8989
59 49 13973
12 60 25302
7 43 11092
8 3 899
7 33 24929
42 18 7109
8 30 23022
43 35 18884
27 36 3398
51 11 28210
52 32 31976
15 26 12902
21 38 26536
58 53 13076
35 46 19674
61 44 12668
45 21 3253
61 37 11050
14 3 9074
46 21 15526
20 41 2511
31 25 19863
51 30 258
54 20 17742
13 19 18748
32 7 31928
47 65 18764
58 31 24352
1 48 21259
13 45 15689
37 60 17292
52 47 20170
27 35 3913
62 66 19383
2 43 10694
16 55 31988
54 50 30052
44 18 11207
67 33 21329
54 27 2434
12 51 21726
4 25 3687
50 10 18084
47 66 31496
9 46 9014
17 37 10707
27 33 15967
33 50 18062
55 26 31507
5 13 24556
52 21 28060
17 15 11141
11 39 14514
31 20 20180
7 32 3959
6 54 8200
11 62 24466
59 10 10189
32 42 3547
63 18 18775
28 49 13661
50 65 26707
5 63 19343
60 37 15504
35 15 15896
61 49 20855
1 38 23935
28 43 942
12 33 1421
40 29 14717
3 26 16207
67 51 8903
60 45 25080
39 19 5049
19 8 20253
1 52 6529
66 18 7153
65 11 19110
30 64 7317
10 59 7381
50 25 10137
26 46 18503
45 3 22330
22 29 1288
34 41 23304
35 58 18626
2 35 26610
64 18 11238
66 18 19957
27 28 21306
43 47 467
60 64 14143
9 53 20134
4 36 29932
48 4 13869
62 45 2982
15 34 6170
46 30 6797
57 45 22487
43 17 25448
5 42 13685
16 1 9186
34 59 14782
59 21 17867
52 45 16043
30 37 3487
54 42 5290
55 17 23176
29 45 23152
20 26 19844
56 54 8274
1 59 21898
20 61 12638
19 45 15542
56 28 11171
21 54 30439
13 24 15975
7 30 11354
28 22 16459
58 34 23326
20 6 10366
26 21 120
63 6 7564
15 53 6034
4 11 4480
36 54 27917
62 32 5695
41 25 24391
39 55 1640
37 3 12657
31 18 7718
22 63 11227
14 6 31923
45 42 28139
18 33 4727
7 66 9926
6 52 2320
35 25 28562
44 26 2468
31 28 20181
28 15 15179
52 29 3686
27 63 13935
33 41 5603
54 14 19323
61 22 31151
59 7 10798
57 63 29402
40 11 1129
51 43 3732
54 27 602
44 18 9194
2 27 5956
7 53 5374
21 14 19806
59 24 7431
32 15 17539
64 36 32430
39 23 12957
56 62 24232
54 19 1561
32 3 1180
28 18 10692
38 19 12477
50 64 9951
13 49 16019
20 42 19793
27 22 32240
13 26 29501
20 34 4362
13 19 5220
40 36 19232
63 16 28442
7 39 3396
9 34 32708
61 9 19668
63 11 30902
40 66 31323
63 47 8594
40 3 26253
42 26 844
10 25 10517
66 17 7698
6 61 20704
7 1 9355
36 61 24214
38 11 19596
60 12 5672
28 45 19174
37 62 4292
28 26 355
43 36 28575
13 58 21066
49 24 3653
34 64 25888
24 41 29292
20 36 9859
61 17 10075
32 27 17210
45 48 434
9 20 34
55 41 22148
18 50 1443
58 20 29696
61 39 16973
41 39 14535
7 40 7596
8 66 29305
67 62 21308
23 8 23655
50 32 14007
2 38 32109
9 67 23107
43 13 20570
1 32 25633
34 39 9334
65 48 9445
36 60 3077
49 5 113
10 21 3286
15 33 19227
3 6 11069
4 5 10694
4 46 4613
59 66 3494
48 29 14924
36 41 4785
28 52 30306
43 60 17306
65 47 31948
1 10 945
28 44 21332
45 43 25703
58 46 18576
37 39 656
45 31 13814
28 14 30930
47 8 13174
62 42 13566
61 18 9932
42 52 7304
24 59 26641
46 62 4188
19 30 25133
31 50 6842
7 22 28986
5 4 29167
62 64 6646
63 6 4340
20 37 23768
21 55 866
65 45 11372
27 61 13374
48 13 16878
63 56 10113
18 11 31856
26 27 5237
65 36 30182
1 67 27444
25 65 22249
49 67 31210
64 24 32029
60 37 14009
8 57 4462
26 49 14652
9 28 686
38 9 15141
58 41 20019
27 5 6514
58 55 25474
22 11 22556
67 3 4405
33 57 10332
32 12 6295
61 25 30159
67 3 4777
56 63 6442
56 42 3216
34 67 3895
44 12 31393
48 35 2381
8 49 10365
24 27 26767
37 47 29183
46 42 18317
39 35 9196
57 15 11799
67 60 13471
66 2 31083
17 41 25647
32 42 30470
22 48 4287
16 51 15032
53 47 30447
62 20 26831
66 50 32689
19 8 4982
13 52 29680
44 18 30360
13 66 17348
27 45 24558
45 38 21030
19 14 30967
18 26 14190
48 67 9155
63 46 21146
47 6 32123
37 42 17641
57 30 7886
11 62 27250
33 7 20723
1 7 23593
37 39 1649
16 26 31018
14 28 1268
44 60 5059
53 42 17788
11 2 24240
47 53 31587
21 45 24039
60 29 18423
57 5 24698
15 46 9100
11 29 12665
31 37 18006
4 65 19429
44 27 10867
26 32 519
10 66 28130
11 6 17103
23 50 13922
10 54 2055
16 61 4711
47 28 3703
18 62 31150
48 64 21844
30 47 21786
24 33 5267
63 42 10444
42 57 29163
59 21 27852
12 43 19122
51 30 8084
49 38 31969
14 47 31572
1 35 17364
22 11 16852
3 58 3496
58 6 7225
51 56 13383
65 33 25368
46 44 20866
28 6 6303
46 57 1988
63 58 16823
39 41 8517
55 27 27763
29 18 26057
43 26 24865
28 23 2896
30 59 2265
10 36 16440
14 16 20327
50 31 3532
61 42 32725
31 19 18481
31 3 8715
2 19 32039
1 31 1337
4 46 25900
19 44 13833
66 37 21198
52 39 28878
34 66 2649
54 56 32549
19 61 24617
4 48 11717
14 7 1595
19 64 29302
38 36 8667
54 11 17247
57 52 8347
66 38 24237
31 51 10722
48 51 2195
33 9 12174
62 10 22021
56 34 32194
39 48 4063
38 23 1949
13 9 11362
51 35 10542
56 42 32261
35 67 9558
25 23 18016
22 9 21046
52 37 2578
28 56 17958
19 48 9189
35 65 21810
12 59 17582
20 24 13189
54 24 6797
43 17 11097
23 59 5538
11 45 5428
41 4 31059
29 34 14244
57 35 28841
19 63 28600
5 47 385
2 32 5604
22 49 19831
66 17 2839
3 17 24793
17 49 18466
47 8 12039
17 51 15824
60 1 6404
61 23 24118
59 27 17961
3 45 22559
15 4 58
15 36 29610
17 51 31562
49 31 11121
51 32 18226
41 27 8144
62 50 27525
52 27 27173
11 42 12364
16 18 13346
35 59 9450
38 29 23429
17 28 25596
28 20 25817
50 57 11790
2 9 8196
39 8 3705
39 27 14288
67 45 9426
10 50 440
3 5 12966
18 7 21913
13 32 119
27 3 2036
32 8 4070
65 3 2672
65 37 29734
8 15 2218
42 26 3957
27 34 6022
2 14 3302
26 67 10894
19 20 18042
63 44 5289
44 37 18993
59 20 30412
41 58 9006
47 37 17456
37 25 1215
42 26 9474
40 25 21969
55 34 5306
22 56 6857
52 3 27645
13 67 10922
53 48 32415
19 1 16022
66 59 5324
52 26 4595
18 50 5252
66 16 20489
32 29 8675
45 53 13950
57 60 24627
9 20 7949
1 28 7162
2 25 29333
7 55 17788
30 66 15302
30 4 8300
41 59 23063
64 44 14529
13 9 17874
34 31 21990
28 9 31824
20 1 7364
8 39 6082
17 11 9811
46 2 22551
49 6 21428
55 60 2779
62 3 27142
45 14 24105
59 26 20340
15 40 20233
67 4 28712
51 45 7621
24 30 11565
64 61 4899
26 29 4196
60 42 30600
23 8 10263
40 41 31077
61 29 12753
66 11 29322
58 42 28547
26 20 5162
53 61 29472
39 61 4024
61 41 11309
12 17 26345
18 53 24582
6 11 14195
44 21 16575
56 42 10097
55 61 24554
56 9 7530
30 63 4520
6 32 15208
48 5 18898
1 21 14004
15 28 24606
62 22 11777
50 2 18826
44 26 7729
7 39 1137
25 66 6653
20 13 534
15 44 801
47 62 5010
67 36 17379
38 20 6490
39 8 32261
6 30 15330
20 33 24707
47 52 6407
18 44 26549
55 8 25919
22 40 17320
57 17 20681
57 2 3778
56 18 24652
17 43 29467
55 13 9646
2 41 26381
60 43 12544
28 29 23008
24 57 31448
32 6 4008
17 2 16497
41 40 6060
24 28 8037
11 22 19180
59 28 481
27 8 10404
12 42 28062
46 13 17627
13 16 22281
33 45 24924
39 28 1886
6 44 17335
35 54 16292
40 14 31503
28 40 23493
17 32 7906
3 50 8255
6 49 11290
53 20 25118
56 2 6136
2 34 11327
13 20 2238
36 29 13837
7 48 29226
26 25 16178
50 1 10262
54 34 252
42 3 25565
10 9 12634
59 67 18774
39 38 23750
12 22 16003
46 62 29559
28 29 30022
37 59 7077
28 31 26808
7 41 32212
53 52 22525
39 14 8536
53 1 1696
25 62 24212
52 57 20192
34 43 14745
56 14 27775
67 27 29501
55 31 26333
62 2 6078
65 51 14233
45 11 6532
29 50 18148
65 44 27565
23 20 10571
6 54 25434
15 24 17062
22 43 14340
24 55 8297
64 28 6711
7 47 4497
49 25 21896
12 43 27492
16 19 14634
40 60 32567
67 62 13097
4 2 9507
22 30 16124
6 23 13541
19 24 7013
11 53 19883
18 31 5365
49 53 31788
7 10 20294
3 44 14749
25 51 27808
1 43 8793
51 39 12235
28 29 5268
1 21 8764
39 54 18046
46 30 15595
3 51 8336
14 64 7261
14 17 5123
58 34 30937
28 25 3746
54 62 449
42 14 25711
65 15 26490
48 64 23768
27 67 24948
26 19 21618
5 26 26150
63 58 25963
58 61 10534
35 25 6198
41 11 22430
50 64 2854
33 28 1483
2 44 6887
33 32 24654
2 21 12057
45 63 29238
62 28 6163
43 46 23517
28 40 31344
20 27 24864
45 53 26112
41 34 30837
7 24 27438
13 54 4735
44 66 6852
35 24 22827
17 44 9420
59 27 32390
62 21 19070
24 1 13509
28 66 5018
8 65 5694
26 37 29131
25 45 8009
64 60 23759
67 61 13618
50 20 2217
53 50 23760
35 23 13062
45 33 2137
4 65 14224
7 10 6027
20 46 13049
38 15 5699
17 62 2766
65 33 17685
64 28 17536
29 18 21639
25 29 16419
1 42 18171
22 57 15307
42 56 30316
18 51 2716
55 11 4744
43 32 14046
22 62 24789
4 25 26804
63 20 27605
1 34 29517
66 35 28529
59 63 26792
4 55 17
42 6 6201
7 28 30499
56 57 30490
27 37 27405
28 40 12427
23 65 12719
61 13 5097
24 53 29706
44 67 20846
22 26 32422
24 36 2383
61 35 3526
54 50 10514
33 46 9619
65 23 315
63 67 26051
40 2 29086
21 62 1382
42 33 5360
52 60 3802
58 1 1141
31 34 23840
60 22 13022
65 19 4864
44 49 2477
64 38 6591
39 9 30399
11 59 30807
16 13 32716
54 27 21868
6 58 20469
47 55 1400
10 30 6084
14 19 29666
30 34 4643
30 17 20734
66 54 8497
33 8 2081
31 18 19466
66 51 26709
34 49 721
31 19 28500
13 24 165
29 42 6596
8 23 31555
5 55 19710
36 51 7814
28 21 11705
52 18 9732
37 45 21611
65 42 20850
58 38 6995
44 2 166
55 25 2902
61 32 2620
33 60 1077
36 22 27730
57 54 29142
15 13 22750
14 9 905
13 51 26495
28 10 15246
65 63 29917
3 67 7249
49 42 31731
47 2 1556
26 55 4061
12 41 21237
13 23 7418
1 26 14497
10 23 20099
56 33 15882
17 40 29158
10 25 30969
39 59 906
41 60 6751
1 8 18630
17 43 24989
29 25 2344
13 41 11853
27 67 11626
13 42 25903
24 21 21667
39 23 2111
22 41 24726
58 57 2853
14 40 8238
62 36 25726
55 49 11140
39 5 29105
26 24 18185
22 1 17986
7 64 13180
26 7 14074
45 53 30756
52 66 3521
50 31 14215
10 8 29633
40 37 15699
14 53 15819
35 31 19938
30 28 20618
2 54 22710
24 16 6139
12 14 14271
13 6 5133
58 6 11559
36 26 14091
55 6 18656
27 2 9320
57 8 32648
59 65 1834
61 51 16320
45 59 32359
60 41 20293
6 31 917
7 55 2933
41 56 404
3 45 24837
66 55 25795
13 16 32011
34 28 2943
41 11 28078
20 6 20837
64 22 6311
33 26 15708
18 40 8125
32 13 27934
13 1 29998
18 17 6983
7 57 13909
23 46 727
51 29 21072
33 27 32273
28 30 12835
44 43 11534
34 11 15428
27 6 2987
44 32 926
23 7 1394
16 25 20590
37 10 23837
6 38 208
20 34 16858
43 56 6104
46 10 566
59 66 22705
31 6 25511
40 18 8418
28 63 20056
14 27 22071
13 35 15348
58 22 27213
9 56 5543
42 7 22745
2 30 24034
32 11 21638
32 36 19125
16 46 24509
9 51 31711
16 1 26040
20 41 17380
6 43 23976
45 65 7620
1 32 25820
47 13 28970
28 52 24104
10 6 17712
33 9 21505
19 42 1542
49 26 26624
61 65 7203
18 8 21975
67 51 21442
24 48 18644
16 24 2525
6 63 19074
5 45 20458
6 27 13845
19 24 18936
33 65 12188
27 62 779
52 53 28462
48 2 25028
8 3 3979
16 56 23472
31 62 19695
59 47 4066
67 55 3076
63 16 8602
5 11 27192
12 45 4643
55 40 20447
56 14 1342
26 32 20970
4 18 23970
8 2 29725
47 63 1923
25 62 24074
60 50 9504
57 60 9270
11 52 13756
29 57 13366
52 4 18847
51 5 3496
29 37 30179
30 37 2893
13 62 4417
47 12 26300
3 13 24344
56 38 9817
48 16 16481
31 9 6298
8 49 23128
64 62 12480
2 57 28914
46 67 22671
67 17 1921
44 4 26539
30 21 17432
1 67 15517
62 53 8838
22 8 15541
59 17 18948
40 33 5955
40 51 25838
57 36 24023
42 57 15380
10 61 9870
3 39 8082
60 49 20115
5 42 25898
36 4 25183
59 11 2198
6 11 32351
18 56 21580
61 42 30206
40 41 31144
36 45 2131
17 28 13693
63 44 12511
2 1 6775
49 19 2070
39 48 27866
2 54 31411
57 21 13174
10 14 12293
10 46 20471
65 61 5810
53 12 9426
48 1 3237
7 15 6523
34 66 16935
42 45 15793
42 33 8523
45 43 29434
33 50 31291
57 10 28588
21 43 18953
65 22 12562
54 19 29958
38 32 6797
22 15 3803
39 51 7624
62 32 6611
20 28 27724
67 14 21521
20 12 27939
19 57 1202
42 15 4423
53 16 5119
30 46 14346
17 65 24899
1 58 12481
4 18 3555
43 56 6490
17 42 10432
63 40 29085
7 34 5654
52 59 18763
10 43 3916
48 33 859
42 18 29558
31 24 21252
37 56 11387
16 8 26451
49 55 30226
66 30 16508
25 23 11041
22 56 30255
38 43 13079
21 15 22675
31 17 13538
64 63 21069
13 46 1873
1 16 27018
16 27 22758
30 1 9859
63 34 27289
9 41 14191
57 40 4206
33 21 15512
66 41 5526
17 21 8505
51 34 22352
67 58 12630
14 4 16470
8 32 878
64 40 19930
58 29 1286
28 31 30064
36 25 11224
45 12 29502
33 12 8987
48 29 22833
64 28 16240
54 10 6052
34 62 11555
66 6 18946
4 53 20555
25 53 3377
56 24 2458
60 24 29327
39 20 19822
21 26 21035
6 52 24329
56 43 20122
40 44 26106
48 32 28973
67 34 31862
38 58 16686
53 18 28819
15 45 22775
18 12 2982
60 22 20981
18 17 6701
54 58 31987
44 56 29710
29 64 20049
36 50 14358
16 36 15847
11 32 7930
37 50 10430
60 66 2372
26 11 5878
51 23 2299
4 54 12902
39 24 29408
43 65 19164
7 21 19605
30 44 2821
9 48 1042
45 14 3433
5 53 4649
17 51 25343
19 31 19726
18 57 25918
19 55 4383
21 48 27583
1 26 21854
53 27 16839
63 50 3672
65 60 4690
4 42 15729
10 46 376
42 32 978
66 54 24643
26 50 22372
14 36 25675
56 11 23964
25 60 7864
47 30 17167
15 30 9849
21 44 30716
13 30 6093
38 59 22867
63 67 16247
29 22 19167
60 59 4656
66 6 29345
3 30 307
55 7 28288
12 46 25341
21 10 21710
52 57 5007
63 56 25948
24 28 12763
60 35 21525
51 26 2078
6 33 22356
31 3 19287
28 2 18811
23 5 27521
61 1 20078
35 47 8820
25 21 11317
33 30 16852
8 52 19082
7 34 24406
52 65 19695
29 1 11138
30 61 10786
15 23 6603
15 57 1201
49 32 5239
55 12 24614
55 2 31243
14 44 20557
8 25 25933
45 63 10355
44 49 16884
55 49 3771
38 17 16278
51 21 15316
40 46 8572
24 1 10680
44 24 1380
28 10 5181
45 28 21592
48 25 1180
6 30 30749
43 7 15682
66 38 29933
65 13 19835
50 57 31357
63 35 27869
38 59 12406
28 24 3200
58 39 16875
7 20 24672
30 36 18551
25 16 3461
13 25 769
42 59 14776
54 18 3425
41 56 32758
57 27 25941
42 49 22755
38 36 16005
19 23 26854
31 63 19084
67 54 28083
50 48 31550
35 2 17266
6 21 13473
27 30 15812
29 31 12633
61 48 27477
19 34 22385
36 54 23227
58 40 13512
2 17 11724
50 10 8587
47 27 17600
32 25 27782
28 11 7340
50 20 18485
3 52 13629
56 48 16589
47 61 32704
44 40 8897
45 62 3543
41 15 13942
43 65 104
8 18 24849
51 26 10156
42 60 25520
8 52 27503
6 35 26984
8 30 32463
3 12 10724
61 13 9515
4 26 26995
62 36 30209
12 32 24807
61 26 11227
40 38 26263
42 38 11952
45 14 24417
44 24 17468
31 3 22908
13 57 12596
43 65 3196
23 21 11372
13 32 8409
28 51 24903
19 4 26320
43 10 28932
43 14 22401
24 3 31430
16 8 11406
64 55 16496
27 19 22958
42 49 4774
7 60 4332
7 27 22672
53 50 1420
55 4 22584
56 45 10960
67 43 27284
51 50 776
64 10 4769
23 45 2239
56 6 4372
30 43 7898
12 57 5779
64 41 5639
40 54 13422
53 26 27242
66 40 18744
62 47 16120
24 55 15655
62 20 25030
67 28 12711
9 35 19119
17 60 16358
3 51 29160
49 14 18677
18 54 27448
57 45 30432
64 56 6634
31 2 3884
21 64 27841
32 38 30806
53 54 29585
10 38 30559
59 18 26701
13 23 2960
32 12 936
28 4 15864
23 35 14758
16 41 1871
37 45 21661
13 51 27206
44 38 26017
20 53 22897
41 17 14169
29 17 18245
10 14 27801
4 27 9189
29 33 18020
22 14 24495
26 38 17701
23 24 6865
47 5 1848
48 12 18756
15 25 31515
55 40 4097
63 49 17892
17 7 19286
60 9 11978
2 53 22419
41 36 1765
6 61 11415
19 56 28786
6 32 29152
32 62 11072
17 47 13349
42 34 13319
58 10 9901
67 56 8931
56 2 10710
23 28 22823
60 22 32146
23 67 18749
7 5 25024
2 53 856
10 22 16297
58 56 18459
53 62 7948
56 12 16006
50 15 28282
56 23 7365
54 42 23035
35 6 11195
1 59 23590
62 61 7001
21 57 13624
56 20 12832
13 54 20690
19 43 3174
42 14 11872
37 11 28723
29 12 26966
20 19 16588
5 22 21966
15 33 26954
24 42 6950
61 48 14290
17 29 6572
28 51 11079
19 17 2432
45 12 13192
49 46 28726
31 19 26780
50 58 6103
6 47 22367
64 42 27984
44 30 17026
9 12 25982
50 31 11526
24 47 3915
47 22 16245
53 17 7832
63 23 11142
55 67 20210
14 3 10738
14 32 20030
38 67 7328
10 23 16091
9 32 21364
17 41 7666
35 52 31846
44 58 17900
18 9 30635
20 25 11843
47 42 12056
7 26 16683
15 61 15359
44 17 29889
16 5 10560
60 29 6346
59 36 1860
30 23 19235
32 50 26128
22 1 5234
11 33 11710
27 60 7094
62 3 18426
13 51 31438
13 58 11607
53 23 22281
28 20 16273
31 19 18522
33 34 30238
67 2 7894
54 1 21663
34 15 2413
34 32 31491
6 54 21042
53 5 28038
27 43 9093
52 42 1745
31 21 26360
35 23 28891
31 29 6610
44 21 4459
54 33 15474
29 38 7488
10 32 6404
49 38 4426
13 8 21320
35 11 13185
30 60 22104
28 3 1334
29 65 5806
24 41 20210
55 24 3552
28 5 12867
19 5 8904
14 42 2055
53 26 5062
2 36 9174
1 9 15997
31 57 17581
40 33 13696
38 53 10503
8 66 22226
60 49 3217
6 39 26631
63 47 19752
64 48 21591
52 61 14082
25 35 20308
50 46 24529
64 65 15903
5 14 24366
60 26 18214
48 13 25008
17 53 27853
6 29 8567
9 42 12701
8 11 2583
39 16 1224
13 59 1827
4 66 11290
32 67 968
58 8 7357
45 15 18241
8 35 18005
15 28 27904
8 54 19545
2 48 2270
31 15 6079
13 37 26305
12 39 8007
30 56 4712
61 32 20249
19 20 16227
2 29 10344
58 63 4705
5 41 6228
12 13 1116
38 45 12625
13 67 27976
2 20 29867
28 67 1871
53 12 16906
46 56 15556
5 34 24831
24 61 8787
54 37 32004
33 17 27666
19 5 26226
63 38 18309
24 5 2906
31 32 7601
52 5 28998
2 24 10192
38 62 5451
32 58 17995
15 53 2551
48 38 31994
41 14 759
4 30 10469
42 15 19606
11 12 17138
19 10 10629
49 24 24705
50 11 9941
43 65 5247
2 49 24718
55 20 26561
56 13 13520
44 21 11787
2 50 28356
64 23 22156
52 2 17183
7 38 15748
12 3 8236
23 31 18734
6 60 6442
41 20 24980
50 11 26602
48 52 27410
11 18 28914
14 19 31159
51 61 13704
48 18 1983
60 52 31868
50 63 9181
55 13 1411
4 45 23573
22 5 9344
60 51 12358
38 31 30999
45 65 9160
54 11 27730
45 55 10138
9 67 331
29 58 10146
6 16 15464
28 52 4337
67 8 5069
43 14 8032
15 13 10271
20 48 26226
11 16 10927
35 40 27472
58 14 28403
7 1 5614
31 65 30375
16 60 32203
48 65 12175
28 38 18328
59 25 26079
59 65 24617
42 61 31412
18 14 5760
6 13 20522
40 11 14798
7 9 9456
40 50 16832
23 27 22373
22 15 30325
54 9 19618
21 24 23271
36 64 4619
30 3 6075
23 3 20525
3 51 7589
3 1 23576
33 31 32238
19 41 12411
41 67 23736
43 49 27171
27 28 13334
5 46 7093
33 9 12310
48 33 31414
44 17 2884
30 23 7232
26 62 20571
46 62 16880
50 5 4378
4 31 10234
32 53 19316
17 64 27486
35 47 11674
47 42 2997
43 45 32396
44 14 19989
31 43 29747
27 35 28404
9 50 311
30 53 12052
19 16 29705
56 36 27620
49 16 28125
27 12 11736
43 44 4995
11 26 30620
12 48 13160
11 65 14143
15 62 17178
47 41 5785
16 43 23600
31 12 6817
59 32 4960
2 46 6516
59 6 30245
59 45 7468
39 40 31311
49 62 24037
52 12 2111
21 13 10111
35 5 21459
3 25 20476
55 58 16674
31 62 27018
6 19 27033
7 22 10141
29 67 19221
32 39 4260
32 3 3608
27 30 7740
34 38 28965
8 32 27629
3 45 5856
21 3 6362
21 50 404
14 55 6886
59 23 16930
54 29 575
52 42 6535
62 59 8782
23 50 21376
44 50 20856
45 27 17904
27 8 830
57 61 29718
17 47 19536
59 8 20514
18 28 9760
37 5 3557
39 30 17393
5 4 2074
11 37 2786
46 57 22955
1 25 18460
36 35 26643
63 54 7341
65 57 23650
30 43 11743
2 44 16804
35 24 12575
8 65 30133
35 58 12792
18 35 5604
10 49 21990
59 58 25323
21 46 13536
62 30 20525
29 58 28394
49 58 8254
49 32 17943
47 15 9492
13 59 438
1 10 21507
59 54 22258
47 66 16632
67 32 24651
40 66 6132
37 63 6115
10 54 30249
9 37 1315
7 39 23793
7 32 21981
3 49 17194
34 32 22470
25 62 32100
40 9 1619
58 30 11216
31 11 22744
31 2 11823
26 33 27372
21 3 32054
25 30 3453
20 8 1563
6 60 22818
19 13 4172
29 10 2700
62 61 7808
51 34 22558
53 30 29600
60 37 7189
47 39 14646
17 36 6975
46 11 29189
23 65 2901
43 45 9310
27 45 22185
44 32 10424
26 5 25553
38 51 11951
54 3 12246
62 2 25421
31 67 23154
61 24 5690
35 5 2944
19 11 19823
30 43 7447
50 55 31382
51 67 24758
29 57 30737
34 29 18928
39 12 32101
16 7 23920
38 63 10824
43 30 14702
20 37 20154
38 57 18668
2 64 15349
57 54 17753
14 17 32031
57 14 8806
44 66 10228
17 24 28210
26 41 21738
20 45 9241
50 27 2947
1 22 31434
40 63 23232
48 42 26229
53 50 16116
11 36 28195
10 14 11625
17 49 8097
4 44 29590
4 58 28550
47 64 23254
67 39 15155
14 28 736
64 15 229
22 15 29807
43 30 17965
46 33 23262
16 7 8050
8 29 28321
9 18 27451
48 66 13280
38 49 10879
57 64 6056
61 57 31531
67 60 31585
37 8 11416
19 14 12696
30 25 15789
14 53 8245
28 49 25310
24 55 31665
43 33 1611
27 18 11255
59 26 7846
58 67 14052
9 38 18858
38 36 21936
54 4 23889
11 24 29088
10 48 12034
6 37 31179
33 39 12909
46 1 9954
56 47 23003
32 41 9016
52 21 24589
63 64 31867
57 63 26633
36 14 4574
11 67 14693
5 16 11427
62 64 24553
46 57 27206
15 13 11177
6 20 26302
59 35 2781
44 42 31365
47 30 2342
5 23 13165
36 9 30724
38 24 16490
38 20 29344
36 20 10200
56 38 9022
18 35 7401
53 9 31470
6 21 29754
57 64 31839
66 45 24774
30 27 24788
18 50 6572
30 47 19121
36 9 7812
25 37 31520
19 57 21302
46 52 10416
25 35 28047
35 49 13064
48 39 32274
55 60 5121
5 40 2729
61 52 10433
42 39 3395
39 21 19890
19 25 402
19 32 24163
19 52 21590
18 16 1720
10 55 19450
5 44 1276
21 3 13686
5 6 5285
8 26 4523
26 18 18417
62 44 32437
41 37 10920
21 19 30193
65 9 12957
17 46 665
52 49 21194
48 25 7757
26 11 3108
9 20 14309
44 65 9063
65 11 24154
33 1 17815
36 10 27817
66 57 27882
20 51 13566
49 66 22093
40 1 22668
35 63 23500
54 25 1749
34 6 8831
32 8 6744
5 11 19150
54 10 16858
21 50 18470
31 65 27846
13 1 16757
4 7 22103
31 41 28177
16 51 7819
8 56 23238
25 7 12558
67 27 29001
37 65 6562
19 18 4163
64 55 8872
7 29 3241
43 47 1498
58 59 9509
22 17 24669
27 21 22200
19 8 21155
58 8 11738
20 8 2532
57 36 12745
54 67 26960
63 67 1467
17 10 16575
10 32 28374
20 64 23896
9 52 18441
21 62 11606
8 34 24641
27 50 13554
24 34 4445
1 39 22348
2 59 14118
46 63 1444
10 37 2400
4 49 21926
32 49 25147
33 23 9700
53 43 29085
16 29 25567
13 6 29426
26 51 18735
60 66 32394
24 61 3489
61 25 20648
43 64 10858
19 23 12243
36 59 28353
47 7 18700
49 67 24700
12 56 13288
54 28 17280
60 4 10705
8 55 14635
63 4 8906
29 52 17664
13 44 20374
57 6 13879
66 62 7186
11 38 3588
49 5 22036
49 62 2228
58 22 5186
36 18 1004
60 14 21898
62 51 9900
17 36 23887
23 39 32751
37 44 22885
2 31 22261
22 3 13933
4 28 13466
59 67 31796
33 50 20303
17 12 28445
20 56 2952
60 30 21706
59 60 16577
35 4 26996
6 29 30563
49 18 8372
59 60 28212
36 47 1965
50 64 30234
58 46 22493
28 48 10576
48 39 20722
22 4 16227
32 29 5502
22 28 20886
33 3 22886
49 21 23411
23 43 587
5 43 12734
9 67 14709
49 16 7676
42 44 11228
11 51 22354
40 36 8287
46 4 16743
16 46 30041
4 57 16522
53 63 19970
20 55 7763
11 60 3433
9 6 31850
35 11 32744
60 2 15181
43 23 5468
10 3 6426
20 2 7568
13 41 12496
31 24 26006
32 6 31877
3 59 12288
49 8 7551
34 48 6974
38 19 820
66 8 28810
42 5 9888
8 27 23335
49 62 364
56 10 31454
63 29 16604
29 34 30206
26 16 645
54 38 28240
13 33 15668
11 13 22964
3 36 25229
44 43 2666
58 53 22087
10 57 31790
65 4 7709
21 33 4788
22 26 14786
28 14 11051
28 17 29817
3 2 1474
32 12 18982
41 23 28021
25 1 14318
9 25 29567
40 47 5313
41 50 24907
62 39 26728
66 41 32440
34 25 14310
62 32 17420
41 64 29778
20 41 21996
16 18 13679
66 53 3880
14 36 15282
56 49 12113
42 66 28021
27 58 22084
12 33 12676
33 24 5161
66 38 15693
64 63 21163
34 11 14165
30 50 1862
33 17 32453
3 47 18428
2 16 3875
64 18 21211
6 20 25503
65 30 11793
47 63 32628
56 63 2437
33 48 26957
40 16 19501
63 5 1461
32 34 1689
49 19 24814
47 10 12650
52 13 13012
62 39 31151
55 10 18313
36 51 13920
61 46 3616
23 8 18798
59 37 27272
25 11 29721
32 33 6751
41 8 22937
45 7 5239
7 11 23605
60 7 22832
29 58 89
52 20 15869
22 63 24152
53 48 26787
13 35 14029
35 48 32538
51 13 18140
4 13 5910
53 62 20687
51 5 15522
22 60 17075
40 55 2386
15 35 18439
25 22 19961
21 18 13469
11 3 20198
45 9 26165
36 33 5904
44 4 18315
57 16 194
65 23 23227
38 54 21151
44 52 27218
67 11 17942
30 67 1897
48 13 2211
29 67 8339
12 8 23404
39 41 4236
2 38 27930
25 32 21737
49 9 30724
67 42 14856
60 46 11401
19 64 22532
29 40 9627
32 56 13513
43 22 18314
4 38 8102
34 30 20948
38 42 29715
55 41 8449
11 49 4497
52 6 18954
25 37 10755
15 46 986
22 24 28620
32 48 666
21 55 32590
52 6 15295
13 16 6049
3 52 6940
30 1 25759
35 47 20576
34 36 20629
42 6 11057
22 28 17149
57 64 31540
62 30 25984
62 51 31291
33 49 26957
20 21 8809
60 39 26836
47 27 28061
6 35 6909
34 62 19376
50 56 2053
29 15 23915
2 58 2345
50 6 2027
57 9 8728
61 25 27705
66 37 5218
3 19 15666
53 37 27737
60 2 25115
15 32 1056
36 5 24176
42 45 25830
59 37 10200
10 15 22381
14 56 31036
12 38 11389
10 43 24176
23 29 6863
42 36 13817
21 40 21386
18 25 20176
21 18 28534
2 20 9777
62 39 26219
26 39 11732
44 42 12198
6 8 32045
6 20 17670
24 48 28797
22 25 23654
58 60 3800
60 37 4493
16 13 11379
49 60 16489
20 19 12500
30 3 17039
53 40 16572
47 6 29755
16 45 23005
5 16 9282
1 11 17086
37 50 12208
40 35 7006
67 35 21775
4 27 27506
40 39 5257
37 32 20817
62 25 2398
47 26 234
36 20 24168
15 64 9307
40 47 8867
39 38 30725
26 58 9206
45 41 14887
40 27 26025
10 44 19056
4 62 5458
2 7 12291
46 29 23581
65 62 15583
6 67 25531
60 12 23564
50 22 12915
44 4 2151
49 55 20278
34 5 5863
47 6 3457
5 3 15741
30 37 21131
39 23 15992
8 62 271
15 53 27247
56 41 19515
33 9 12645
64 31 27444
40 65 28836
25 59 382
51 32 14343
46 18 10985
35 15 31909
12 16 7467
1 53 5551
34 37 26919
54 46 29789
36 52 12893
10 61 14180
5 64 25873
13 28 14913
10 14 23909
23 62 23794
1 40 13472
13 67 2126
7 59 20592
49 9 6099
23 2 2679
17 14 12552
4 58 13696
41 55 21706
43 52 4908
45 58 20756
3 22 18427
26 30 14884
48 18 21752
61 20 18452
61 21 25974
21 54 29235
1 51 9375
45 54 29639
16 66 5841
6 48 15703
48 8 15712
45 55 11039
57 20 1370
46 19 25830
67 58 9230
26 14 30060
21 16 8933
43 41 16509
14 44 31125
27 46 2304
66 37 27688
38 22 12239
61 62 4569
31 34 14040
30 49 11932
24 4 1453
66 49 2848
49 52 6654
59 17 24005
36 55 8818
40 51 29073
45 32 20756
51 17 19509
52 34 882
9 48 30738
67 5 31274
49 45 30852
28 33 6154
18 1 24028
29 7 25885
22 52 15299
7 8 27702
43 38 16397
25 16 2514
62 57 8481
61 65 31089
52 30 25204
11 20 27313
7 37 21211
56 46 14801
13 16 31640
30 52 8037
20 27 18536
45 11 22882
10 14 20489
28 61 977
7 24 8677
56 49 8642
59 42 10475
50 31 18261
54 53 23742
56 64 31741
26 66 29119
9 18 22594
13 32 19869
40 15 9386
54 37 2419
16 65 26521
43 23 2967
15 27 28229
14 53 4780
19 28 267
15 57 14485
42 62 11727
4 30 20306
53 18 29485
55 6 21247
51 14 11683
23 35 4766
49 14 10428
22 27 24793
24 33 17490
64 44 19966
29 5 21832
49 38 2077
13 31 17926
66 3 2712
29 33 3196
1 10 29412
51 40 19040
3 38 23895
63 29 32662
44 59 29288
17 32 11654
27 39 18149
16 55 25947
57 12 21003
55 44 21598
23 7 4747
21 8 18655
47 31 6101
57 28 12154
58 1 5965
28 9 31632
32 56 3373
4 67 8009
2 60 14149
25 22 30340
51 20 3031
6 18 9595
63 16 14655
34 15 14084
39 41 19246
65 62 4021
11 24 22678
43 37 25176
56 44 10658
1 62 1909
17 27 10061
43 23 15572
2 42 11891
36 51 13127
37 51 7793
45 67 16419
40 8 16303
29 40 21801
23 56 30893
49 48 23762
13 45 18537
33 13 4666
67 4 13102
49 28 13087
3 28 19258
35 43 20393
35 36 20665
59 20 20226
24 22 7421
12 26 20701
65 67 15113
7 48 13180
5 39 17349
12 45 736
22 23 24174
33 32 16671
57 46 13858
24 53 8465
61 28 23459
31 56 17373
37 12 30357
36 23 7946
30 28 27630
27 11 13333
57 40 18256
53 17 973
48 4 21373
5 57 30427
65 47 29234
53 27 8758
19 18 32256
26 45 10630
7 23 24833
33 23 23196
1 67 8578
46 63 17535
55 2 489
64 28 20937
18 7 908
58 59 8520
38 59 13365
2 45 18716
39 5 15484
57 53 12234
42 53 14668
46 47 1019
44 53 5410
4 51 26339
11 5 26093
18 1 26239
20 43 23196
55 50 15407
19 49 4014
46 10 14682
14 63 17522
8 54 12053
61 25 29362
18 31 16139
61 32 18677
37 40 13077
48 37 6799
46 64 6172
13 9 7582
13 20 16447
40 7 25156
41 46 4538
35 8 9295
3 7 1558
37 49 26813
15 4 20226
8 22 14936
64 16 17342
13 28 27572
1 15 23188
19 63 8234
22 44 24556
22 12 235
30 22 25825
64 45 25662
38 27 7516
67 60 7294
16 52 10788
36 66 29058
21 19 9577
18 35 17002
59 27 18595
58 45 18184
48 15 14575
36 21 12126
9 10 807
32 50 17644
20 9 9061
47 37 1216
65 1 11193
53 62 14981
54 19 19509
40 11 17410
51 30 12958
66 34 8656
29 14 606
45 13 9511
39 21 5524
64 58 13336
43 6 24140
16 63 5264
62 36 11085
24 15 17386
35 19 22007
46 28 25611
4 38 1835
12 5 2103
5 38 24378
45 30 31517
48 14 28989
23 54 17611
52 12 15477
9 25 4750
2 36 11898
14 21 31725
21 49 20325
15 41 18229
47 61 5436
14 13 5463
16 53 3650
23 19 4101
66 42 10750
40 12 9816
34 52 30489
33 10 25432
14 59 16473
21 9 18246
2 54 7532
39 15 6011
67 27 23612
30 64 8745
34 15 11783
53 28 19065
42 40 20331
65 14 9894
53 57 1316
1 13 23851
44 13 20282
67 2 3881
24 27 12994
14 38 19839
58 56 32394
50 66 9045
59 27 2370
18 51 31752
11 43 10243
17 39 25520
41 54 4675
52 17 10438
66 17 9362
34 22 2698
58 23 1470
7 49 13110
25 26 10789
16 48 3629
24 51 8036
29 40 27037
53 17 32421
15 55 4171
12 1 28215
48 5 29584
7 26 19252
12 3 26276
7 56 31334
25 48 9159
49 10 2984
14 12 10486
55 10 23918
60 53 15651
38 24 22087
18 66 28713
16 4 10349
40 58 30460
66 52 30659
18 60 12986
30 8 13513
46 57 19631
62 48 8055
20 5 27240
41 37 15105
11 48 25703
35 44 6115
64 31 28445
2 63 19410
35 39 6443
58 3 18277
40 59 13087
1 59 1933
21 27 29736
64 50 30009
62 26 19574
21 60 12215
2 50 8511
30 7 3763
20 64 30623
46 63 28386
44 57 10962
31 25 26811
62 18 32626
36 66 29386
5 17 2250
58 12 14728
50 18 13905
19 36 13491
49 35 20204
56 46 18080
2 56 24300
40 58 2759
37 20 24378
46 4 17477
54 63 22492
61 32 16399
8 13 3141
64 42 9967
10 62 1004
15 54 26483
4 14 21372
63 34 26230
1 64 21266
53 66 14254
43 51 10007
12 27 8501
59 15 19889
65 52 16215
46 44 20603
13 57 4160
52 25 11657
65 4 1893
63 37 15332
15 41 5823
48 21 3838
25 59 28715
15 67 31187
11 29 11151
50 2 7594
38 28 3734
50 38 14780
63 48 31003
24 66 2086
43 52 1444
41 15 17665
1 41 26904
2 39 6144
41 19 28476
38 23 6483
23 43 21701
65 9 32673
32 6 23743
9 44 23056
8 1 7347
32 12 5468
13 7 20339
42 19 32281
20 16 160
7 18 9401
51 31 5323
32 20 22566
8 25 15227
2 18 29200
64 40 12157
18 31 31810
24 29 8017
33 17 22687
5 17 31369
8 58 29792
46 27 18724
54 10 7798
13 17 23582
62 25 25852
28 60 12334
27 61 17269
23 9 593
13 48 6041
38 51 13142
15 39 21804
46 14 18872
37 31 26506
27 30 32545
3 34 9733
3 44 19605
23 2 22431
30 19 29863
59 31 30665
8 1 27988
8 40 4403
22 34 21327
51 19 25802
29 5 20200
6 54 632
16 65 5839
40 14 17997
46 13 5991
35 19 10247
10 28 17763
6 13 17469
49 63 22755
63 30 19874
47 6 10829
58 6 31245
43 12 15500
40 17 21067
52 36 14476
64 32 23789
7 65 19459
6 50 15243
27 13 4576
26 9 20273
25 60 29952
40 37 9211
33 34 28156
37 2 3326
65 21 8998
16 59 20758
14 9 24077
42 21 24117
61 56 3109
64 10 31809
21 59 10347
10 20 14756
5 58 2578
39 19 6938
49 41 14494
30 16 4543
23 20 26600
23 59 19597
29 12 32388
44 24 7256
51 55 26100
34 58 27593
57 18 10714
30 44 25081
57 36 8156
44 16 12876
38 10 1990
29 62 26329
50 62 19264
3 12 4849
45 21 28168
10 51 17310
7 45 16615
30 54 25144
32 48 30939
61 20 8539
15 16 14638
7 57 1765
59 7 14969
23 36 17866
51 65 20916
57 53 28888
3 32 494
19 15 11210
53 18 18499
37 11 29231
29 42 17696
47 60 25626
6 52 5888
10 18 22169
18 2 31262
53 54 14935
19 11 24022
14 12 21757
2 57 27561
26 62 23091
50 59 17695
23 50 14155
60 66 21760
36 63 28919
55 16 17812
67 28 21665
47 51 20719
21 29 1851
23 28 374
13 64 14753
54 47 26649
19 20 3811
8 13 6909
15 38 6928
44 27 19077
42 55 24924
65 63 13312
60 15 28338
46 45 103
39 23 10775
36 40 742
11 7 18021
63 4 7728
14 39 31046
2 17 10444
38 59 18812
17 27 18391
11 39 31446
3 5 13558
59 11 26718
28 44 3945
2 28 3500
28 25 379
57 60 9822
42 26 31438
66 12 14115
12 3 21804
25 55 5596
5 66 15581
26 10 11972
7 15 30404
41 7 25244
56 67 28067
1 18 32327
8 14 7510
21 62 1637
2 22 19951
15 12 29129
45 38 27122
21 57 989
2 26 25121
25 27 21583
26 12 22169
10 28 17315
15 28 28723
22 14 13435
42 45 18018
35 4 28590
42 13 11527
53 19 11661
5 66 8941
67 61 26853
19 50 9459
38 24 28828
42 18 13064
40 28 13054
40 38 11146
39 11 2580
26 19 5792
14 66 29339
63 5 24235
9 16 8051
2 57 5098
31 65 22946
51 45 2255
14 3 8511
14 11 8657
34 60 7644
62 61 28303
31 45 11594
2 27 23457
51 11 21968
40 36 21364
5 40 7465
26 5 18932
40 28 22497
42 12 16898
22 40 31985
47 27 11485
33 58 30630
43 47 25350
11 2 26164
15 25 13138
32 37 15753
19 9 28702
8 1 31547
26 49 19423
46 43 29859
36 53 3466
35 43 32388
55 54 31368
61 49 10965
61 9 5937
34 59 17022
4 31 24574
16 59 32554
40 6 11510
49 67 28035
65 13 24070
27 53 23148
44 63 2620
30 35 19990
51 53 1317
52 31 28164
29 14 29879
56 27 15197
3 20 1535
29 39 19628
43 52 29850
27 28 27419
33 11 3740
15 47 10134
23 35 27222
32 50 19149
55 32 32065
23 51 18456
15 20 2474
24 36 10303
3 44 14804
49 44 13877
64 1 780
3 7 16305
34 1 14267
59 64 9626
2 15 9068
38 8 13931
17 3 32628
31 37 27470
2 64 997
1 50 9794
55 53 22037
18 60 19354
10 34 11098
18 30 900
8 39 9278
26 51 24966
59 7 12917
6 51 26130
6 66 27402
7 33 12931
52 20 4978
44 13 16912
26 44 21394
60 38 6828
8 56 4048
40 60 16064
44 38 21956
2 13 17728
27 24 19257
21 1 28571
65 10 614
41 1 27999
62 28 18354
28 44 19381
31 23 15461
65 41 25348
5 17 12037
23 26 32594
26 66 28002
67 35 4163
21 47 5486
15 17 29636
34 46 382
43 65 31427
17 58 8581
60 59 10631
11 24 13924
16 42 32125
36 9 17771
58 24 16542
52 53 2455
67 50 14006
27 8 30008
11 63 19247
46 61 20990
24 27 26169
35 65 1699
64 21 18013
48 18 20652
67 30 14297
63 36 9714
11 32 21861
60 55 17652
18 41 13862
30 48 3108
55 2 6907
66 15 20397
54 47 24942
50 31 25181
2 17 19686
44 49 12737
65 19 9975
54 30 32401
4 11 24026
49 35 12795
23 15 13434
66 54 25972
25 6 22933
13 66 13841
14 62 25569
67 38 15776
36 28 20284
21 38 23280
37 60 15173
28 22 8200
27 50 26103
6 18 6215
56 44 15650
30 23 29084
3 21 30666
37 49 15189
6 23 1244
42 64 12860
31 50 20150
2 10 17654
26 29 27510
50 58 27874
37 16 24592
48 60 30444
1 19 12432
46 60 13579
55 2 8736
43 5 7274
7 47 25506
54 3 23910
21 42 22525
58 65 23014
42 49 2422
24 49 21439
24 9 28583
60 2 4126
42 40 14827
31 34 20013
17 20 20069
19 63 7787
37 18 12776
17 35 13690
13 18 10081
4 10 4165
60 62 5533
55 3 30930
13 5 14465
64 9 535
25 41 24321
65 54 13999
66 34 2439
12 5 18756
61 46 13447
66 57 26371
52 2 2411
28 17 11129
42 16 9250
14 33 29351
10 32 9719
36 9 12597
12 20 32380
43 62 25603
45 35 14756
17 51 24469
22 57 20081
20 64 7423
38 27 27572
23 63 25955
45 22 10450
11 47 15913
1 56 24209
26 56 1889
15 50 20567
59 5 11046
30 9 18532
25 55 22482
22 55 27108
42 59 22621
33 9 20983
48 2 1354
27 23 15616
8 37 19937
48 44 22479
43 38 19638
33 43 15505
44 12 2976
20 36 27013
39 13 23214
9 26 21469
1 20 15049
35 18 9060
62 14 10233
46 49 13245
62 9 22658
41 27 15945
7 22 7521
55 26 7202
12 66 17866
5 16 29110
8 64 2744
55 54 24013
51 32 26796
31 43 1079
9 20 15658
23 40 4170
12 44 19109
33 12 9720
21 20 16581
57 64 14382
65 11 24662
41 61 29095
26 24 6469
15 66 22929
57 43 26220
54 16 12167
15 11 32292
9 24 13005
21 58 32719
45 43 14037
55 5 26081
45 24 7031
58 19 266
64 33 2399
43 10 27792
45 32 17309
33 12 5371
14 28 1377
22 3 24994
53 28 20289
7 6 9915
26 24 18850
10 6 2293
35 41 2582
52 33 15566
9 53 10191
62 52 23326
32 33 12153
28 46 12686
64 36 16663
30 26 20725
14 43 690
18 42 29908
14 27 10503
39 11 1633
39 24 13164
36 32 17128
55 25 10918
4 17 16485
48 65 19057
43 26 31914
20 63 3028
25 29 8811
58 60 6825
65 43 3329
50 7 27359
9 43 7888
50 56 29268
12 9 1924
32 25 4710
10 44 28335
49 38 2183
59 54 27751
5 29 24434
43 65 7409
4 14 25316
5 13 15784
28 20 5586
11 2 28820
24 26 12189
51 59 20857
44 17 16055
63 50 16955
18 24 20394
61 34 3567
40 21 28047
47 62 2294
34 61 3401
22 39 31211
33 32 1829
35 66 10835
8 17 15030
45 61 20297
30 42 26361
45 11 22948
59 22 13612
3 25 31303
18 27 32477
1 12 4754
48 12 2075
2 34 12855
9 57 19664
17 18 31458
39 59 11434
60 45 5992
9 28 17182
33 19 14213
61 2 8559
39 18 593
13 47 32440
11 3 230
34 54 22124
58 54 28670
49 53 26576
15 48 623
51 13 10573
38 51 14272
1 57 6328
10 20 20828
45 12 28128
64 24 30223
4 64 9980
51 18 1732
30 12 16085
25 1 22722
4 34 10941
60 23 18660
28 25 4790
54 45 14451
19 50 8272
45 3 20398
38 43 20776
18 34 11051
53 58 23
41 8 12433
53 52 25699
19 10 31829
52 28 10398
45 23 32137
46 25 751
35 13 13793
36 5 30456
63 6 874
57 42 11680
9 4 9910
45 37 10587
9 21 13161
50 25 7635
3 49 4701
21 8 26618
7 10 1003
29 22 8169
49 32 30188
48 31 4130
62 63 21649
37 30 5636
61 58 3631
53 10 7576
10 27 8579
51 64 7937
27 46 2845
2 52 20017
33 20 4603
9 23 7605
22 51 7289
47 22 23473
54 59 11797
22 59 7274
42 55 17350
34 35 26601
55 17 18389
50 21 18588
7 57 6001
63 21 30475
42 44 25465
55 13 751
34 33 25401
67 9 5200
62 45 11008
62 60 16244
18 20 20961
16 46 31948
56 60 14586
26 59 12829
57 28 3096
18 58 27792
60 22 18066
38 49 893
44 2 30888
18 48 27137
24 7 2264
33 44 2499
38 46 2525
44 12 11127
36 51 18771
17 18 16888
38 25 17464
65 40 29465
39 35 1478
45 42 1400
31 17 27220
10 15 31991
61 57 9025
50 6 14254
48 47 31255
58 60 23400
16 47 107
38 4 26643
51 44 26397
62 28 23974
20 25 29454
18 49 9320
27 66 15969
14 59 23719
20 65 31970
63 47 30514
66 54 7981
35 7 2621
51 58 17310
35 37 20086
14 53 13635
51 64 7792
37 20 6204
5 25 18102
66 55 8268
62 59 32539
6 62 6540
64 22 5675
58 12 29824
36 61 15813
26 7 15867
55 31 5187
54 4 16534
48 6 1985
20 59 20644
18 42 6493
8 42 17646
38 67 25736
41 14 11671
32 34 12995
8 27 18428
39 18 24149
27 3 18793
57 54 26343
39 50 13303
36 37 28930
39 11 20476
53 11 1506
36 23 27074
48 22 23330
5 35 26254
34 27 16937
10 55 29978
26 31 11615
39 18 23815
18 19 3473
45 30 3585
42 57 13332
5 23 23167
12 24 30340
58 19 4969
1 66 5934
46 6 20750
35 33 389
22 66 27428
35 53 19519
45 48 17624
58 60 15073
58 13 29451
62 31 14051
34 44 12887
52 55 31926
45 32 28525
36 60 4951
41 51 8170
35 53 9513
20 1 8890
19 23 1878
37 45 9885
25 64 14563
29 41 31344
30 49 30006
60 13 32315
44 39 11725
22 34 32068
2 18 27971
6 47 22673
23 19 23051
35 50 26260
4 18 22875
40 3 6148
61 4 17213
52 37 6924
56 13 16075
56 15 11605
52 12 18932
25 40 25239
20 7 12904
20 45 10419
10 46 28018
3 29 5000
49 43 23280
39 50 18945
3 67 9126
2 51 6921
38 35 7585
62 53 7272
29 34 359
8 58 3779
17 38 20762
65 52 26912
33 13 12015
29 21 13261
25 55 4722
33 39 3451
7 29 25753
51 33 9946
16 14 6295
53 15 50
22 10 12727
13 21 10025
30 37 31981
5 39 7053
8 61 11559
16 29 27823
44 36 24790
38 8 32643
15 58 5358
46 27 19760
9 17 9021
54 18 526
48 1 26975
59 52 28917
53 44 6133
23 19 624
25 2 7465
2 3 8099
38 58 20139
57 35 26373
21 20 13986
57 49 19775
5 16 1105
14 46 14039
34 37 27732
16 8 10084
5 14 3529
62 9 27010
11 3 2245
15 53 7875
52 22 10197
4 3 2378
5 23 8586
3 31 10458
3 50 22590
9 52 889
66 60 28046
11 48 13816
7 65 19523
20 18 17150
66 52 18078
60 63 6000
62 33 24644
55 40 28995
46 33 8760
