100 5000 66 90
35 39 966842
3 56 577708
38 60 515530
3 73 351251
29 27 508007
56 70 185615
73 51 331650
6 32 589603
29 96 822851
9 99 335209
20 45 806531
60 10 460779
93 21 203582
77 27 391590
3 14 315530
86 41 234991
53 69 96865
97 15 203159
14 43 815111
4 24 337097
88 79 288209
64 34 806690
13 26 151508
69 29 246611
37 27 627666
98 93 603944
9 33 493983
71 61 3672
69 46 754907
99 5 94798
64 49 457491
28 99 55890
28 76 245632
43 10 988772
23 14 899209
13 33 475336
84 62 56575
44 45 9040
65 51 229296
29 96 489024
37 93 910322
7 54 301683
65 24 993498
13 72 743428
44 55 246710
86 36 920169
28 74 708430
51 19 254126
47 70 352695
12 90 369366
4 43 39989
53 95 904796
40 94 496564
69 84 110092
65 43 607907
28 3 315656
14 42 94178
39 27 39742
61 21 257905
74 34 698143
18 41 536546
3 61 750910
84 85 619580
20 67 364435
7 56 653629
57 74 917333
5 29 688436
88 6 76073
22 15 731459
17 99 565510
42 34 520076
18 99 746367
55 13 889885
93 26 377457
88 11 706795
73 70 979514
10 26 835204
18 90 108837
58 70 182156
59 91 445879
11 33 332247
85 41 845346
50 97 450943
84 34 337427
46 1 369680
99 57 986374
71 63 492254
71 25 832617
46 97 514758
64 53 474669
9 21 814629
43 95 470449
49 21 931470
28 100 132050
10 26 475699
22 15 203265
56 83 269501
11 76 532611
6 98 321612
81 53 827960
53 10 663109
59 57 236328
86 64 402008
23 16 284958
58 78 316789
59 38 32827
61 83 596787
25 40 2147483647
19 15 148435
11 94 831063
48 63 91143
8 14 206903
66 60 523226
78 22 196282
77 96 905771
75 22 329262
64 49 883898
70 10 831831
89 78 445625
38 83 465230
16 94 371391
53 54 260046
14 15 41746
84 61 852682
3 13 936283
42 2 434022
8 61 672507
51 27 749285
29 49 954784
9 32 139166
50 93 361922
62 52 705610
48 97 785164
92 53 897489
59 11 285491
69 3 958205
46 2 377901
73 21 582291
53 73 487163
20 43 645846
72 63 819306
6 31 582675
51 82 864046
86 31 936460
76 13 377194
86 90 47933
80 32 197580
53 49 565362
59 86 589310
50 62 967699
88 4 813934
56 90 672678
83 79 531695
42 34 577582
75 96 519064
91 21 997774
67 56 949482
83 91 660676
20 31 890466
42 54 805160
79 26 261355
87 17 304585
73 31 306548
63 34 2147483647
14 94 163595
51 82 959644
71 79 371912
7 53 982841
6 60 532932
38 33 526561
20 50 803634
84 14 94752
31 93 655201
14 77 430565
36 96 53523
58 98 642919
58 41 387712
42 82 541506
36 79 340967
14 70 489726
60 93 497166
7 54 414443
75 1 145518
44 30 223451
86 100 962970
86 64 864597
77 94 2147483647
2 36 526454
80 26 74804
86 50 180836
65 76 46775
7 82 62151
75 56 907159
10 77 376240
84 40 896338
88 91 782953
44 72 583632
89 3 2981
66 71 277836
81 25 344267
36 79 270153
26 74 2147483647
52 53 344107
48 54 84922
47 3 129253
81 11 897526
68 45 373546
41 96 35147
83 85 389993
38 64 766943
42 49 441671
7 25 443947
10 94 195865
67 25 203064
55 57 174262
24 85 440026
38 23 587593
62 41 457397
59 5 248662
83 5 825157
60 63 600540
68 29 593436
30 91 336688
84 28 298705
28 94 460922
47 70 129090
23 6 606053
53 17 710614
12 90 2147483647
40 94 804057
38 3 526465
58 98 698861
73 41 748411
26 54 657159
81 63 387782
24 79 405483
66 41 873812
7 17 964277
92 19 960744
23 27 340562
20 48 160342
93 15 671596
84 17 825464
7 63 39732
23 56 416030
97 55 277500
85 26 804575
37 5 190017
47 32 437552
41 1 801027
32 51 2147483647
69 50 224901
19 74 155411
93 94 104308
84 13 483213
87 68 289598
30 25 564472
83 79 850323
61 94 470990
38 42 10796
8 95 680488
86 77 788588
18 36 339779
19 63 2147483647
38 42 920747
41 34 523183
66 81 529586
7 12 115701
69 29 780845
82 74 592117
89 74 841278
46 2 626686
71 58 245227
50 2 813035
9 64 195996
6 29 450503
6 55 684024
78 27 448350
71 10 372888
18 52 868302
24 2 427923
44 48 454025
86 26 994399
99 34 800327
38 45 906071
95 32 736375
61 33 260559
43 56 10334
20 45 392420
59 16 957132
89 3 651962
92 1 34861
18 15 885968
30 25 514490
53 62 728242
62 70 102677
36 41 2147483647
73 77 976820
59 93 328164
25 99 355512
64 11 623404
86 29 933930
24 49 742882
81 17 178597
49 72 903682
69 98 392955
16 24 203103
98 13 675747
51 34 666900
4 92 312100
81 93 716632
40 52 585434
44 24 421807
13 72 613418
30 56 28284
85 76 546915
81 12 739112
26 19 707899
88 61 786802
6 77 109959
18 33 498985
78 25 958298
70 80 959335
23 19 470340
83 54 107011
57 1 2147483647
50 73 803685
66 42 182579
74 63 619776
4 33 537454
20 29 167406
60 73 766239
69 90 301895
73 45 118121
65 24 594985
99 2 446600
61 94 724766
38 3 414940
75 19 751333
86 51 727812
9 64 312706
73 98 519410
67 80 807232
84 96 838884
24 25 40620
59 40 520856
64 65 753291
50 95 961842
68 76 332893
47 3 143616
86 99 366930
65 55 421122
86 88 948982
14 7 630539
62 41 971119
75 1 49637
13 77 83538
67 56 133271
14 41 831311
74 27 64649
40 55 109819
4 78 168685
75 4 523592
43 34 697805
53 82 518824
13 57 2147483647
11 51 258071
70 12 208072
42 54 310521
92 25 133079
95 32 314311
42 85 553220
97 21 3082
86 92 166903
7 65 448191
18 94 882765
88 40 467138
46 1 318724
20 64 370357
89 90 339134
89 7 440630
65 37 367670
47 32 322041
80 72 820584
44 39 595349
16 36 854838
89 26 453906
86 50 7870
39 27 844699
5 55 919457
57 77 358095
67 91 391974
59 18 412081
39 27 991381
14 55 742562
69 92 161976
85 90 611753
31 53 411760
79 77 170557
30 40 820291
28 94 477993
67 56 90143
16 24 39675
81 80 178052
17 72 677060
29 49 846487
60 57 512668
50 61 552230
16 41 208534
85 90 325353
73 83 194098
95 83 531401
73 51 915416
14 24 23101
71 44 243186
4 48 260131
97 90 224552
7 1 682532
23 2 524203
91 29 388492
43 68 280851
66 30 863554
61 90 694269
4 32 95364
62 36 920390
87 13 766785
24 85 492745
61 32 366644
25 100 727019
42 80 928381
85 41 297640
16 55 73272
97 55 199239
59 85 331594
84 89 891641
50 85 29281
44 87 862993
30 13 213273
95 37 902809
13 29 240859
73 41 292305
18 45 952094
46 34 47638
89 52 246987
92 80 598392
22 39 141922
50 14 766386
89 44 2147483647
23 25 718970
67 44 692594
18 52 901139
75 13 225592
84 89 757308
44 36 22950
86 99 335521
48 56 846508
62 77 654549
46 5 565434
16 76 149521
73 36 537572
32 1 96889
7 40 718679
66 98 728192
18 90 879520
51 82 758555
67 61 584899
92 10 649683
75 73 44783
16 41 529714
23 56 669538
18 100 229061
50 40 597839
75 16 894945
67 8 2147483647
8 13 876449
91 33 573941
5 90 719956
88 1 970249
38 30 416620
25 33 681478
56 26 758893
23 12 40490
64 5 463007
61 100 930196
81 19 445453
8 5 707070
48 35 842094
3 11 710721
76 79 253906
8 91 573147
70 13 671092
89 74 757443
6 30 892259
58 26 301572
17 37 234935
53 80 799723
58 32 462942
10 72 416770
2 98 49547
73 77 73759
76 34 253476
17 83 295981
59 95 608263
78 56 550456
18 15 300779
2 33 111238
80 74 819465
91 74 318946
61 21 561962
78 68 371183
98 19 482587
59 1 579584
79 51 509793
75 53 975310
28 70 604183
83 12 100569
92 93 341949
84 91 187081
60 57 480002
31 49 158435
88 13 830278
61 76 552287
9 100 852179
59 4 119037
86 30 863259
32 82 159528
11 21 2004
50 27 552257
3 16 734600
66 60 340942
40 70 465530
86 45 386056
57 72 4919
7 97 485007
87 95 71022
78 68 274502
93 45 788216
3 93 35101
20 52 296556
88 85 700617
64 56 684290
66 84 81918
81 61 439097
83 25 923124
47 83 528538
69 67 929277
78 27 706653
81 65 868608
92 57 588130
53 22 770946
20 99 39102
20 67 165257
99 93 778696
3 19 761279
22 100 838316
18 36 818458
67 82 756247
58 8 636732
20 21 643206
26 12 35857
41 34 705038
65 90 57403
3 73 553513
17 32 619706
4 64 285011
76 12 860740
47 41 704897
67 5 109197
84 10 930772
40 29 317585
78 85 926843
65 76 738507
8 44 818327
89 37 394402
93 45 667608
83 85 981201
23 73 415942
60 10 639171
81 13 457648
23 22 266153
83 12 468892
16 31 430759
99 12 778112
14 94 562220
89 52 523410
66 15 672948
50 11 853759
91 15 75377
78 79 861307
48 61 111088
18 52 116102
60 93 350846
71 73 587793
89 76 975615
35 76 777155
80 15 351281
28 15 57228
89 8 678734
100 93 341990
30 73 606284
59 62 483148
86 55 112418
83 34 402449
65 42 698183
98 63 931520
3 62 436909
46 4 767714
95 41 606885
6 42 94853
88 62 959527
53 68 423354
38 48 863464
67 49 586284
28 41 189520
88 27 819761
62 41 891524
65 87 842963
5 72 558579
60 97 764073
64 16 889677
100 5 87955
53 47 369655
6 15 412889
87 54 289305
88 82 875252
47 99 841006
64 40 40132
67 17 827504
63 94 397850
65 72 564972
91 26 86801
22 56 2147483647
20 74 222678
92 54 820487
71 65 686840
8 53 431482
28 64 322108
38 37 658481
22 24 419049
80 51 861767
8 53 67526
11 41 232193
73 36 957605
66 78 398700
87 19 903636
65 45 523358
37 80 760958
43 96 655752
89 33 752821
53 11 124197
71 16 202152
31 96 740337
76 82 772326
88 5 70968
4 26 172087
56 87 99310
50 17 513119
11 72 368391
69 24 622538
35 29 559788
11 32 918155
89 70 389679
6 32 22356
8 56 627056
86 33 867700
18 60 618145
58 55 1659
16 31 487754
11 24 536719
66 72 145243
88 57 806210
31 13 571774
24 49 699224
43 97 819566
56 94 738887
47 75 52892
93 55 20002
10 72 834293
13 51 990647
76 13 118151
20 23 892182
34 54 2147483647
46 54 388703
38 99 428741
47 88 892954
31 27 968577
47 98 439753
86 87 644251
58 87 606634
15 53 997647
80 51 739550
9 90 729888
74 27 344081
65 29 133202
16 37 560865
88 17 279888
66 76 819856
59 19 210271
92 54 3497
67 89 104677
79 21 65704
73 99 833663
9 3 29654
98 13 794918
38 76 389536
88 19 810066
52 19 252779
32 1 570988
58 45 137647
67 6 239766
65 76 213577
9 88 150721
46 5 51345
67 96 446543
62 45 399638
61 100 23079
56 90 339905
59 16 955924
24 79 976496
30 62 380472
28 33 387242
82 77 349674
83 2 222705
20 94 974836
67 18 959704
69 84 484496
24 5 942357
48 5 82817
3 16 935391
78 49 546712
20 100 467482
46 96 415648
68 70 320052
9 99 626906
39 97 54451
38 74 659708
46 79 511617
7 85 618516
65 36 33821
23 68 360615
69 64 10171
73 100 571990
99 93 281985
100 96 164958
17 29 417700
7 10 917126
43 82 196868
47 100 687085
100 96 993039
18 7 500536
62 29 225708
52 34 67991
50 28 965119
47 72 562133
53 63 470998
36 49 877214
64 80 45048
18 41 430677
18 39 622344
83 93 552015
20 51 374568
55 96 290712
8 80 720856
36 54 905623
38 23 965810
38 78 696875
4 77 75053
40 74 91375
22 24 255974
81 58 123987
83 91 598038
58 77 518277
1 45 843089
48 68 486555
46 53 754276
50 65 238992
65 61 2147483647
16 21 568262
42 82 458254
85 77 371067
100 10 556325
64 60 2147483647
88 93 348000
16 29 870692
89 77 923188
8 61 52358
48 17 238061
46 40 650779
56 32 592343
52 12 33133
6 75 562411
64 97 613571
62 48 550479
25 41 361155
20 46 772152
58 33 563667
65 37 605517
18 98 757532
17 99 219000
93 45 141682
28 36 837656
47 76 349052
6 90 766727
30 16 915285
11 26 200349
6 72 637837
61 39 501046
88 97 406466
88 25 269357
19 94 389535
55 79 923373
13 52 370265
56 77 506249
8 85 593729
13 26 640935
53 93 271953
65 78 326342
84 5 464994
24 49 742410
100 1 155286
20 29 67228
9 29 984350
9 42 891520
87 35 274766
65 76 388006
66 31 436663
23 93 577093
6 41 6081
89 90 401990
35 99 329180
73 87 153523
37 85 202372
35 70 32208
97 29 415619
71 34 565318
61 72 603642
2 21 566986
56 26 414101
9 77 695633
81 65 84581
11 37 573321
70 53 413839
76 13 695039
48 91 958119
95 76 294558
47 84 763078
8 53 248649
81 23 2147483647
17 36 209995
7 95 684715
68 29 261583
64 27 314665
68 36 482888
14 70 839200
64 40 478581
48 12 660443
14 37 609204
58 41 568602
51 96 261846
23 14 507051
66 76 905473
46 73 710475
49 94 664986
90 53 825019
81 28 209644
53 38 169181
73 70 753051
31 27 244504
42 5 839311
71 17 995096
25 41 874151
44 94 533674
78 80 851186
8 85 70971
3 25 520329
69 43 627623
38 42 341232
56 72 570974
9 36 759516
55 53 859156
47 36 269091
45 96 324019
48 49 928549
60 11 717763
18 4 2147483647
25 90 4567
4 55 347641
86 78 484914
99 85 443512
46 40 897951
78 91 193101
46 53 656811
32 34 261949
46 62 249713
48 12 642407
23 13 310232
7 25 688334
81 9 167554
89 48 750757
98 34 757782
47 94 5731
7 4 823235
68 33 523910
94 21 2147483647
35 72 408953
92 80 615482
23 19 971080
49 45 4612
67 79 752914
44 32 815754
37 85 665941
53 82 305122
43 91 944079
17 21 322651
60 63 196047
36 53 771537
100 1 83191
13 15 321069
78 10 886251
66 30 583917
3 11 348325
91 26 805041
22 90 631932
47 99 267126
43 91 346603
30 85 855798
6 55 473176
11 94 916575
7 79 293448
62 32 414659
37 5 380878
8 53 247972
75 12 403867
95 72 36138
100 1 184167
16 31 988375
30 93 796867
61 83 10299
59 19 20834
51 82 707448
2 45 969722
53 35 147130
79 29 324544
3 54 376681
50 25 259651
89 70 751125
47 3 45754
50 44 984917
17 72 322904
58 21 911019
11 36 173051
70 80 761164
17 39 340422
76 57 727748
53 47 117399
35 26 873442
33 63 596770
26 53 923818
31 49 975739
44 90 738726
57 45 780154
71 80 806008
38 45 298563
64 40 348014
58 31 33552
69 36 40174
66 51 603372
56 90 196589
92 40 482244
23 22 79828
31 40 705665
50 1 701032
66 30 558508
91 55 117338
30 63 994654
24 97 298669
11 70 64739
65 55 379775
23 22 198481
78 96 130531
89 60 710155
4 77 477557
73 74 730446
52 19 299011
85 77 558789
42 96 170292
23 58 55610
99 19 253907
5 72 299205
11 76 610104
71 91 18340
8 11 363616
6 15 758132
84 93 613475
80 32 26907
78 17 321910
42 49 4516
56 99 539607
33 63 770883
24 82 587626
84 17 435828
86 31 186100
84 27 588653
89 15 638588
59 62 718074
30 1 178676
16 99 16956
84 19 985917
89 75 239134
53 61 599882
87 93 431084
62 15 786578
48 22 24397
38 84 647640
42 53 324871
11 24 622140
47 26 389262
24 34 578357
20 26 672857
71 86 731531
99 91 445423
2 51 377776
62 21 763352
38 55 486393
20 64 724996
83 2 857856
86 31 213464
79 15 368552
62 77 483662
8 49 668249
67 93 841526
80 90 951438
7 95 599922
71 1 33301
85 98 843201
56 33 297033
95 33 42825
66 59 20247
42 10 226570
23 28 499973
4 33 598647
88 68 870623
82 26 542804
93 77 799018
55 49 107892
9 64 355922
35 68 2147483647
60 93 98239
58 39 147723
65 42 943846
86 33 96584
92 12 983956
18 43 42376
39 57 169577
6 42 998773
89 90 742729
67 80 222430
32 12 42132
93 72 412938
81 96 658431
3 4 828656
98 57 239798
58 86 2147483647
54 90 634419
92 35 573553
9 60 68409
37 40 723099
83 13 96989
48 22 20811
67 17 420335
64 19 384600
50 97 654426
5 90 13830
18 39 828425
92 22 381411
97 72 857686
5 33 229822
86 72 404459
79 77 4458
58 39 233047
51 27 854130
29 12 541981
46 11 639862
43 5 822129
9 78 679003
46 12 649074
14 62 2147483647
90 12 846358
53 19 385766
60 68 429126
62 64 69522
84 53 319519
77 27 243453
7 4 644078
24 57 911787
60 57 701607
25 26 963823
81 2 565673
64 34 92340
35 52 780935
53 40 697003
35 76 917447
66 76 272846
20 71 574404
11 51 144601
53 58 449999
1 77 881223
65 55 978437
87 93 898194
56 39 634293
7 96 585487
3 35 806490
88 6 493600
58 94 852458
16 83 118195
11 77 461000
59 69 754471
59 69 188260
38 67 451535
37 24 2147483647
31 10 777989
22 41 979751
59 85 40431
67 93 997844
60 93 432891
71 63 605741
44 83 592276
35 52 319539
75 49 847364
75 35 300926
38 42 882078
43 17 67853
46 1 91668
71 16 622711
83 85 257844
80 90 536400
50 73 322223
98 63 296670
91 26 142003
67 14 243150
43 19 692616
29 53 670088
8 63 930118
58 78 267351
4 45 916929
66 51 747281
27 15 776956
69 15 54534
87 97 851386
79 33 243968
39 93 321556
81 34 64294
58 32 926091
17 52 713118
4 42 9053
82 90 241244
22 70 878081
14 48 337643
61 39 132473
40 77 482237
42 17 646204
85 41 182218
82 45 69710
81 47 416857
67 57 405711
66 50 307135
9 70 549731
66 60 497810
38 60 590385
66 67 860879
25 72 783370
13 33 324278
60 1 724425
11 15 276353
20 99 892245
88 79 304863
76 63 816917
76 93 305744
53 82 157334
3 19 872599
84 68 657362
17 39 644761
57 74 229950
25 72 930073
79 15 831098
46 73 387910
47 36 521066
40 36 738433
53 28 413830
44 51 818889
9 74 354618
75 57 525622
44 94 597903
75 12 109106
55 34 533620
38 72 54053
59 97 950805
69 8 799642
54 94 131559
40 15 531939
95 90 870864
39 93 765435
53 18 126185
45 27 368095
28 33 658885
29 12 672226
87 5 161079
23 96 147283
44 99 964701
75 61 125245
10 82 2147483647
65 98 480890
35 74 560527
83 49 909768
7 4 601881
23 96 910346
71 1 569138
67 54 866710
80 72 34759
28 32 799914
50 65 624154
51 1 721905
53 20 807152
29 27 639769
25 55 992779
22 39 747095
86 33 699299
71 91 168614
20 23 254115
56 74 267537
43 2 444446
23 2 442688
50 97 79292
66 42 532645
66 31 896955
47 87 775410
81 68 908820
8 13 228281
67 93 382174
38 43 916605
24 1 162295
89 37 891947
42 96 441545
61 70 30294
61 36 153952
41 55 2147483647
81 47 480505
74 12 4504
88 25 323559
17 21 265840
61 26 927500
88 34 234830
50 73 928900
73 60 94911
75 4 201048
28 100 149650
38 36 277657
86 100 364661
28 30 442507
22 51 65190
30 61 828547
80 36 738300
26 34 263355
20 23 683683
73 39 33957
41 54 125080
93 51 734243
81 19 960348
62 75 580726
33 49 925594
62 43 702113
59 53 957405
50 5 76672
87 83 2147483647
81 80 200496
13 45 148052
47 70 785471
35 94 270986
58 24 327028
82 26 71566
97 36 381595
51 82 970846
84 82 124624
30 96 825522
92 82 941279
22 99 291737
4 36 175084
64 96 907608
43 54 255055
65 39 762766
3 17 599031
60 54 455086
85 51 889435
8 56 982373
13 26 927219
99 12 399480
88 67 2147483647
100 1 379431
75 13 42980
84 17 767802
43 57 488698
9 36 432602
42 82 805169
80 55 779425
42 57 804268
23 9 594877
48 82 954755
66 83 89417
44 43 236879
83 53 831959
81 62 173665
4 26 756491
23 85 679621
28 30 576442
81 11 524881
95 72 662342
89 7 420642
81 96 567366
67 27 45460
86 75 949093
99 63 933443
95 76 413127
11 99 996579
50 96 540788
92 93 280730
10 15 907636
46 61 199982
38 90 90761
56 32 262800
3 11 877145
83 93 843971
6 60 423324
76 54 747178
4 90 168153
75 4 421779
35 100 460799
69 42 660162
22 31 819655
89 21 416232
88 25 127263
79 15 767240
69 76 83243
67 14 239522
68 55 627131
89 29 626652
3 22 269743
79 51 631191
87 2 981623
73 32 866844
65 99 561521
64 49 944683
31 49 957451
58 36 866236
42 95 780604
8 16 615935
86 64 221837
62 32 856598
6 94 908592
63 21 656132
69 36 480686
61 92 67092
75 19 632269
66 55 664700
48 1 636984
42 54 547084
89 76 201908
100 79 395604
58 77 11401
55 54 906837
56 77 722226
97 36 359131
88 82 244320
98 5 554862
62 41 28989
73 29 559318
71 12 38430
44 42 278821
23 95 422180
73 43 235029
42 79 174132
35 70 865430
10 26 79092
46 56 711783
3 82 327870
98 19 928019
6 74 638932
26 34 362066
16 100 801622
21 96 259443
59 17 561668
38 15 173127
14 32 619982
4 70 835794
38 98 829926
84 57 649018
44 21 795375
60 95 159621
87 85 845234
93 72 498282
91 5 2147483647
48 56 900162
91 51 470934
99 70 2147483647
24 57 8183
95 51 92817
95 70 625880
80 74 676797
71 65 54537
47 42 196955
84 12 194394
3 22 103841
44 30 817002
48 91 268174
25 26 411409
38 31 890995
23 44 260602
75 93 433547
6 32 64635
32 54 701605
56 77 696867
44 42 256590
41 53 622045
60 16 63906
84 4 457906
69 52 642199
44 32 710625
89 77 679254
18 37 233467
66 59 69700
65 90 507782
5 33 15253
17 77 203588
70 12 910744
55 10 681456
8 30 2147483647
13 94 98783
84 62 844110
78 57 375655
3 27 313008
53 80 983064
81 56 910894
70 93 972020
75 5 420206
69 84 583330
73 21 113749
71 89 699523
69 33 360698
65 31 286526
30 22 266835
60 53 884478
62 76 239047
43 31 2147483647
40 74 575261
73 90 658513
55 79 529158
76 5 41726
21 53 756948
71 86 565817
14 87 127979
23 35 563743
49 77 802669
37 93 565577
2 45 546292
49 10 2147483647
38 48 146000
80 93 2147483647
84 28 598728
54 90 538138
100 13 909208
71 53 197342
43 54 650829
4 98 718763
98 54 360773
20 37 147780
9 70 195472
69 15 655799
75 22 832681
87 63 956697
51 34 135420
6 60 980870
64 5 648834
16 72 945589
88 6 875250
55 19 193831
88 61 413703
41 49 730720
16 55 228590
43 13 325304
87 10 228383
11 99 825788
9 83 416506
4 36 693579
60 34 459049
63 94 782738
29 63 980987
72 12 430449
4 29 991922
22 52 407038
28 74 352256
78 97 135202
66 50 307190
3 5 694561
41 12 402875
57 94 547227
75 17 949742
14 70 916522
77 54 860146
59 16 254521
75 95 57378
6 26 663537
20 78 55526
30 85 977419
48 10 784130
47 60 727642
92 63 100922
83 54 289078
82 94 425812
37 57 903239
91 29 122454
30 73 790940
3 17 411842
23 18 48461
66 29 361222
9 26 895091
70 54 995097
44 41 869251
81 56 459909
18 90 170888
48 80 402242
4 42 750767
41 91 594296
48 22 680399
83 79 646202
71 97 38278
52 27 713820
88 1 395147
56 94 559151
59 69 106307
98 5 121024
84 22 365281
17 45 181752
95 51 573421
30 19 734562
65 70 734724
76 27 176050
65 51 190407
70 34 625232
36 79 121459
53 1 773334
62 87 961464
64 10 592933
53 54 55122
40 52 427823
81 18 937960
46 34 505044
100 85 367244
86 37 202051
68 76 382464
38 3 405074
7 54 985759
31 17 395592
6 37 633787
71 57 659977
84 82 419866
11 32 370260
9 42 832082
48 79 997870
1 90 392062
59 19 162942
71 11 637064
85 90 908050
22 37 538188
69 98 390722
53 17 282249
69 64 942063
84 35 635420
67 14 525732
50 89 206818
28 60 771738
30 54 387445
44 29 357234
74 34 295846
53 27 97152
25 15 841999
70 96 413213
69 90 575806
18 92 795910
42 96 242517
53 19 199077
81 91 962259
43 25 416328
38 70 20065
61 45 766345
14 99 454488
28 77 337253
59 19 693701
81 35 1022
33 63 310360
14 3 995505
73 77 18218
99 93 558512
64 82 715503
58 45 916537
7 97 641677
82 26 131003
39 49 680742
87 25 910035
3 65 735274
47 90 105132
7 61 454943
2 45 147019
61 70 336044
70 80 377604
18 43 296814
43 11 736362
73 55 280887
93 21 508205
57 77 699147
3 91 763234
69 70 249681
81 82 715288
62 75 974076
37 68 77056
83 2 405044
9 3 362546
99 5 558896
100 25 211377
8 27 947574
30 85 469359
64 73 93159
14 55 541119
14 41 713564
58 32 700762
27 15 134898
26 54 155933
36 63 406509
40 94 849295
47 15 906814
88 53 879937
53 19 987534
64 19 692240
16 100 437894
39 34 748843
47 90 786766
78 79 826343
59 63 516970
84 93 854943
55 27 654068
58 87 166264
4 51 904894
18 72 785188
30 3 2147483647
35 70 362452
64 19 729340
81 20 947829
38 71 360627
75 79 444799
23 96 782504
11 32 238550
99 54 838345
23 65 37998
20 50 80068
84 80 247336
86 100 280227
62 87 991773
65 83 24875
91 51 719897
48 92 2147483647
22 98 46896
67 95 931681
35 74 882205
75 5 550227
84 5 553279
64 12 987212
53 47 157458
60 13 542234
77 54 261118
25 90 279839
24 97 314792
25 15 71428
38 21 78118
72 82 344499
62 37 233079
73 87 927188
66 37 399494
2 76 208720
84 63 782026
99 19 413853
67 19 872544
83 25 38126
2 15 165929
84 19 541893
44 7 640405
42 56 69206
17 70 118359
41 57 453468
67 25 793077
22 32 656126
85 90 499603
69 7 316252
83 40 995604
79 52 515257
71 63 131381
31 53 220914
91 33 232225
28 29 211170
87 96 904226
14 87 568297
8 10 523239
84 40 747359
75 27 841870
86 24 378710
30 12 961830
88 57 117631
36 54 238219
38 60 247474
51 49 600588
39 27 645628
2 94 433390
49 15 459895
69 41 842619
44 70 541224
59 86 440546
78 10 696796
73 51 991457
59 6 5151
69 45 284146
18 92 292913
80 45 222007
8 18 843489
24 80 129821
79 72 878404
78 79 496916
73 26 681746
24 2 381423
83 35 176021
41 10 283054
47 15 670918
38 94 452893
25 33 965038
64 80 63739
20 15 542910
36 49 931412
100 85 116172
55 10 182648
84 40 716899
51 34 852913
4 77 124623
22 41 452824
22 41 437616
48 79 474051
78 63 646859
88 65 678826
62 32 329802
60 1 904070
53 38 525078
76 49 800498
75 82 365362
60 11 966829
45 26 2147483647
53 73 891450
39 27 933438
26 54 184647
71 4 278918
76 63 209607
53 19 338840
53 28 588089
99 97 660891
3 54 475237
22 83 120509
86 36 512279
37 97 496317
81 91 623890
4 83 870601
18 39 338153
47 98 381391
39 63 882751
13 15 589535
20 45 847106
55 12 946027
73 77 275417
24 93 155970
66 100 293117
34 90 75791
66 45 10295
40 36 162280
71 91 942240
43 17 362300
28 94 126970
89 8 336126
30 95 285719
50 2 276158
75 95 839581
9 43 345432
95 36 472870
61 31 355765
11 24 600523
58 32 549260
80 90 302246
71 53 267323
26 34 312850
60 27 909059
60 11 141169
67 57 939514
31 85 956863
43 53 804124
3 54 867997
84 95 835759
3 13 50744
84 13 691747
43 12 123415
3 34 388679
89 42 92969
69 87 592072
16 32 5398
87 95 809080
62 52 682298
37 93 275640
20 52 574968
70 91 793400
75 65 442568
67 10 967717
58 3 738045
53 34 467135
20 46 543963
60 73 119170
10 21 524491
25 15 109169
61 52 380612
24 82 925317
5 33 789461
86 87 485864
92 82 251671
73 78 699306
65 51 621724
92 27 653077
7 13 326390
58 78 205849
17 24 230878
99 13 501901
23 25 644016
69 76 760703
23 40 849051
19 74 986433
69 76 538736
81 62 330432
23 54 164289
62 55 992997
31 10 657200
61 45 366896
11 55 695534
86 39 829759
9 76 474347
67 89 336086
69 24 197702
6 3 375691
70 13 12027
41 1 826553
58 70 958249
18 45 989434
30 85 265890
31 54 334222
23 54 623152
28 29 405123
81 34 450870
80 98 211889
4 31 233895
64 22 112354
18 78 341679
39 40 545169
66 32 38446
53 49 828825
20 75 34771
99 34 57160
83 37 2147483647
46 4 833797
74 96 801825
50 35 672962
51 13 725670
40 32 556222
86 3 932444
11 98 341072
3 49 427468
53 25 37870
65 41 866108
20 24 75439
64 40 23041
65 100 523035
48 61 27804
17 90 601031
17 83 613864
3 93 969721
65 83 455129
73 100 473044
39 27 23733
22 76 316111
4 21 87878
32 63 269376
16 52 155272
87 95 662602
53 20 969862
53 9 21044
80 72 282719
2 33 208218
81 25 7925
23 97 321463
7 13 523978
11 42 294998
66 77 300501
66 90 677306
53 68 291605
20 87 44919
58 60 762472
66 36 275855
76 63 418529
66 3 574880
28 92 771916
82 45 742759
20 32 893745
81 49 432876
97 29 98308
23 34 823512
86 72 728424
14 77 927935
50 95 753243
72 96 134332
3 25 218427
51 27 713269
28 42 62282
67 4 491853
35 98 115743
18 100 979237
43 93 289735
28 45 899334
40 41 113257
23 47 312483
71 16 109847
73 36 744001
79 29 355873
23 68 803879
58 33 627728
58 52 119897
86 7 298568
41 53 328461
36 1 949675
73 83 747029
36 12 649989
9 42 150629
19 74 120263
73 43 727756
66 71 962432
61 24 714163
9 32 428017
11 32 434604
13 52 241698
65 24 137746
23 13 504771
60 95 634737
30 18 224172
35 55 356837
68 29 868189
71 93 615948
29 54 946918
53 17 211715
66 41 224965
44 36 424840
59 18 101518
22 39 632800
23 9 767183
93 15 96375
48 56 864567
71 49 284847
53 68 825711
40 51 346190
75 16 813690
84 80 786910
97 41 504805
100 82 497931
48 56 168529
42 1 405526
81 14 655484
100 79 873793
47 70 917066
38 50 165363
30 79 702293
17 15 531068
32 10 635363
59 68 693664
7 25 356315
31 12 540598
71 11 140425
87 13 995155
62 60 904851
37 34 221102
75 96 203911
58 100 606402
59 47 957873
89 70 305013
69 98 9076
59 68 109376
76 49 439131
87 34 949628
6 21 538720
24 5 550834
89 7 646740
3 22 640961
3 18 243765
30 16 880262
4 24 223936
7 68 229137
31 10 995297
58 64 334553
7 56 153689
62 75 654156
80 15 789228
72 54 472483
83 80 398183
92 56 470336
16 70 76037
53 1 96403
28 21 996364
66 50 532370
39 91 634830
60 61 846216
46 63 539939
53 27 215731
58 100 713273
42 82 37068
9 3 347224
48 16 514455
62 42 841526
24 5 226978
7 34 373265
75 4 821793
1 52 40852
31 85 124792
99 85 652949
35 32 918165
100 91 9995
44 41 543025
53 62 829612
71 5 771755
17 99 907905
51 49 591859
20 90 561546
20 94 136279
2 76 861911
44 78 445482
65 76 213876
73 31 980528
17 98 37986
66 26 646164
6 33 939796
19 21 163708
4 60 333511
89 100 915042
59 49 952328
40 99 187981
18 31 581146
5 45 374876
17 55 390955
73 99 624122
66 23 268633
14 7 367940
7 91 627736
43 5 75994
86 7 979084
89 99 637503
87 27 575000
8 4 636628
9 94 314174
71 9 32443
42 53 199293
69 33 412684
41 63 681943
44 100 40213
47 50 486311
38 74 196332
75 57 183289
14 99 106277
80 74 15708
61 29 506947
89 29 350332
78 63 170454
16 21 167090
78 16 83301
50 91 309867
58 51 987655
86 39 434314
9 67 126589
81 97 913964
78 12 845392
39 13 748412
53 4 972077
78 54 375048
30 62 616822
95 39 348005
6 98 157665
97 21 712191
50 96 854136
14 70 423765
52 53 923724
65 41 25023
4 70 20080
60 78 2147483647
13 29 977397
72 45 2147483647
67 61 389123
3 65 138714
66 52 493433
37 27 985887
78 96 501807
89 100 818359
14 36 820310
32 53 833780
56 41 730212
69 100 776846
5 26 127477
56 32 345404
13 33 533808
7 16 451835
73 31 596017
92 5 630408
6 21 415892
43 56 148792
86 9 2147483647
44 70 987435
6 94 802290
92 17 732815
73 74 520640
46 28 641084
10 90 110970
65 100 155138
20 72 725021
11 29 264034
53 14 194065
86 70 216419
93 51 706218
84 13 194880
78 56 748724
8 10 671001
79 32 347380
72 82 670000
89 76 599860
75 65 779342
64 80 510450
7 34 516343
62 18 2147483647
99 82 645766
78 22 369334
71 56 682998
59 73 863960
11 29 433844
67 85 787207
38 29 844498
83 80 233132
74 54 364934
2 41 653331
67 4 49297
66 55 616603
37 96 503550
89 67 302150
16 83 216383
58 30 61841
18 33 40601
42 19 422218
86 52 1737
37 79 478181
17 36 847895
43 35 754301
37 96 417787
100 91 226177
25 52 170922
16 21 807678
67 17 460573
66 39 946047
18 31 182467
25 29 352699
50 13 478500
18 21 341915
21 15 2147483647
55 12 807478
67 95 761398
22 99 730596
88 63 337763
66 45 260023
81 11 234417
65 39 322873
16 45 491987
88 11 631842
47 94 655573
69 41 772883
48 49 843682
32 79 603323
71 47 509972
75 68 917316
11 98 117118
92 19 964740
71 4 712479
36 57 684861
64 35 319298
43 82 375023
99 96 169053
62 39 531863
9 31 720677
31 49 212749
34 94 193772
53 82 314511
56 37 314725
92 2 186157
92 97 760187
6 83 906590
39 12 899865
75 80 522248
70 54 401153
5 21 778612
3 22 423532
83 96 832409
26 12 69247
52 27 350518
95 39 176815
28 60 974555
93 45 32518
47 75 368741
7 13 743152
25 21 995706
4 92 820661
37 79 117783
44 74 609142
97 76 940518
25 94 442465
91 29 529053
38 67 309033
67 44 110216
22 90 188714
51 96 727541
31 19 661833
71 58 701462
16 45 257167
64 19 585653
47 33 468798
71 5 877526
83 79 26293
100 53 123225
70 79 828663
38 43 420853
20 48 89185
16 33 36702
78 16 530228
76 54 585309
71 58 49342
62 98 705014
31 12 105967
91 32 512097
81 27 166203
79 52 754595
50 5 778650
93 91 2147483647
92 85 508537
39 82 537612
39 27 841264
77 12 679556
78 40 633984
92 53 975434
9 33 574400
68 72 748146
3 12 121534
9 76 829893
17 21 845377
89 24 779429
18 99 22477
78 11 739546
69 7 494338
77 12 494011
6 48 362734
73 15 233931
88 80 194977
56 51 358199
92 40 132370
52 53 247704
23 19 840780
31 17 786439
9 24 268514
65 72 361890
1 21 284143
97 21 650969
46 96 585619
76 13 330958
72 19 79636
14 99 267984
74 34 830594
32 82 947045
68 55 213124
18 100 294841
84 44 213408
50 89 382007
30 79 379424
77 54 27115
23 35 688505
55 49 688110
50 95 121338
16 99 747013
24 25 340037
94 53 740089
13 51 244766
45 63 179884
18 33 972921
67 11 829522
71 13 145611
36 93 45361
50 22 702748
67 89 449267
18 74 968855
59 13 854310
84 1 30693
67 10 153280
58 31 441735
22 26 393487
20 98 293280
52 19 461235
88 54 897831
43 25 2127
39 19 541648
3 11 582626
33 54 188253
78 65 732576
35 36 230068
28 60 627083
30 65 598990
39 96 350689
9 45 113743
97 76 217413
24 2 749494
67 12 405870
55 96 657165
16 31 264699
14 60 82711
32 34 503969
32 19 97836
98 79 738800
68 72 447018
76 82 632659
68 29 290484
69 60 134263
51 33 2147483647
17 98 387837
69 37 386042
73 42 9608
92 11 535425
51 1 963786
82 90 37465
70 57 485565
23 96 284527
6 52 22933
8 82 885979
47 99 812488
84 2 302574
47 70 881289
93 15 27468
89 26 279703
86 90 248219
99 57 537694
42 68 659772
11 33 656119
23 22 270528
50 85 747518
83 85 805617
61 94 431126
56 99 278613
7 54 459185
62 7 283649
89 3 517543
88 22 868859
88 6 28861
36 27 527881
9 60 730985
88 82 201644
97 51 184723
48 61 849785
32 53 590427
30 19 435373
47 72 951403
23 13 573174
99 80 307711
47 72 121015
7 56 802365
3 82 164985
72 53 321126
88 22 999667
44 90 780765
68 74 583523
100 12 998794
44 76 486943
68 51 136604
67 91 238820
25 55 619758
86 21 312251
14 48 721585
86 32 379044
88 2 136189
59 85 538332
9 33 571761
25 90 927949
59 17 574264
69 33 682539
36 91 211389
100 49 987446
46 89 792955
40 26 480405
3 85 258649
42 2 329323
25 29 362572
84 11 98754
38 64 732627
3 79 464836
42 17 769413
29 49 495107
91 77 121362
81 95 172892
59 69 928070
22 45 690473
59 47 953519
64 5 785608
64 73 65834
23 10 629315
9 75 291606
30 49 723624
48 96 691783
81 63 644572
18 98 681970
87 95 204152
84 22 654204
70 57 469232
57 52 767742
23 34 70485
41 49 4125
78 53 149759
51 57 711591
83 49 577511
24 2 587535
32 12 245599
52 54 313387
60 34 29522
66 39 149763
50 35 172899
47 83 16301
42 57 96729
58 99 910610
81 62 196988
39 91 130624
51 53 501452
61 51 279690
95 51 742412
86 42 125842
99 34 660183
62 99 977078
57 77 736986
52 1 729975
8 17 671065
5 94 710202
53 95 565319
88 12 239244
58 8 829671
16 100 668948
31 79 370064
20 71 319889
78 82 412758
83 1 792507
49 45 741851
97 94 642460
50 34 287056
28 76 144599
55 49 879607
69 33 630538
75 34 636735
61 16 2147483647
5 33 663646
91 77 61861
30 68 251637
59 10 447012
68 74 54371
85 70 102466
60 13 158225
84 17 178563
58 70 573555
18 94 185467
33 10 432408
16 87 562743
61 43 378320
42 19 666197
97 94 737806
19 94 730481
56 24 564688
38 31 983155
11 94 838390
89 15 402305
61 42 311193
25 55 53553
36 96 616826
28 45 244924
18 15 57276
34 15 980413
64 56 895941
17 95 2147483647
79 45 499398
14 64 694129
20 55 224209
88 11 178373
70 12 468050
61 98 401848
69 100 688116
14 98 309347
52 96 52350
7 96 261643
52 19 24544
38 32 5258
23 4 333978
43 5 327292
29 10 494487
68 90 94993
24 49 590465
43 85 790815
70 54 118838
44 77 236091
42 57 157982
86 76 274776
47 33 390728
71 34 647619
67 65 675703
30 34 653976
61 90 498653
54 15 430202
88 2 916503
6 76 613476
53 65 970236
59 2 598040
75 40 231726
48 97 151515
14 99 827723
70 12 481409
46 68 177352
51 10 601169
38 46 195776
97 98 784082
75 4 360328
62 24 883744
64 53 171146
59 19 583367
37 80 133675
57 72 505522
76 27 463943
37 40 580209
30 82 873750
64 61 524553
70 19 212021
60 13 939736
81 79 661806
65 41 698585
91 32 659802
53 47 737214
8 79 831989
16 39 124240
23 6 259622
50 17 764716
31 96 139036
46 16 234123
64 53 374212
49 26 39569
11 94 899697
3 79 965245
59 89 959621
30 40 398109
99 19 973571
67 22 532876
99 19 883243
56 55 400190
87 13 447218
57 94 777996
86 48 829988
81 86 58719
84 28 481239
4 74 234311
65 29 532214
7 4 584628
31 63 164609
16 100 205047
94 96 362882
71 6 690760
84 89 297983
47 60 700013
60 17 531767
16 83 221901
59 81 2147483647
14 24 97991
22 55 906446
50 65 102965
17 29 453616
69 78 452966
89 77 664447
71 56 67728
6 98 289970
36 63 385511
2 90 722386
53 34 5664
88 73 930543
9 8 494898
88 34 179434
33 34 740291
24 80 842920
17 98 21612
42 95 401292
46 93 908485
18 60 303582
92 22 359666
95 33 824396
58 31 760600
79 72 510087
7 1 540635
1 21 504742
98 12 260494
79 13 2147483647
80 32 190693
95 52 737972
91 94 916981
100 80 372796
65 42 509132
25 98 152050
22 94 800090
23 5 470216
68 70 265775
30 79 290631
9 41 226542
6 14 2147483647
18 41 260647
64 16 787690
16 51 781057
84 22 894123
16 74 77772
48 85 947877
38 76 205115
68 90 301232
20 8 305027
7 27 706710
91 29 669059
69 83 547749
16 76 706873
29 27 684699
71 17 155310
71 16 343832
91 41 765475
11 100 625992
1 49 2147483647
41 53 881094
69 90 98896
58 31 87141
51 1 437950
47 77 151672
53 11 29677
6 15 795888
36 53 851869
8 19 384861
85 29 761089
68 99 574581
22 74 588240
50 54 395373
69 70 855314
66 41 446492
75 85 143151
62 75 106829
47 87 897569
18 48 786914
93 90 580560
65 51 603279
91 32 238745
92 34 888651
37 12 365288
11 15 156484
57 52 88794
73 70 669846
73 74 557462
56 76 66612
46 11 596223
41 91 295778
88 11 547140
79 94 892904
58 7 36650
1 72 64035
35 100 49496
46 49 774773
40 98 322675
26 12 252239
56 41 359854
58 100 673392
69 30 899888
25 26 822320
17 83 813571
22 41 792846
89 36 718139
71 28 120269
3 73 866088
18 31 985490
81 16 154275
69 72 994377
3 96 799850
14 51 124478
98 1 727735
16 100 171227
77 27 203684
38 69 2147483647
23 53 345424
8 40 217056
91 90 319696
91 94 881699
1 21 361348
69 78 576171
4 33 271921
38 90 563851
78 5 571233
56 41 729882
79 26 898538
22 24 928832
95 32 297539
91 41 845354
65 24 250183
58 39 370285
84 22 760016
46 28 532031
84 10 499206
86 41 909012
71 40 517180
81 57 838617
37 57 419682
2 99 440343
70 12 328374
78 91 746705
7 63 25058
48 13 681699
38 83 88774
17 26 286900
1 52 142922
74 54 520104
22 24 943210
38 41 823083
56 36 743283
44 7 742
88 1 871121
30 49 803027
33 49 806148
94 12 247420
36 57 9244
60 13 827073
59 4 540456
39 40 23398
77 27 878559
78 53 232491
89 55 782779
16 83 147917
47 55 46907
43 91 880454
48 85 105367
20 47 2147483647
30 68 273451
48 95 471584
44 100 31348
30 2 6875
49 29 441086
87 34 604009
6 75 786585
36 34 446813
92 97 285190
7 79 292703
4 48 413818
18 99 832278
85 77 521730
20 39 946954
48 56 796888
30 5 815408
89 33 353567
70 57 413677
98 53 190713
9 75 716189
50 80 619263
40 70 352945
89 26 502296
48 61 848958
70 85 596528
93 72 558030
44 45 308945
50 28 423378
71 35 93281
30 61 870805
85 77 828860
51 63 845919
99 1 392487
34 21 402076
66 38 2147483647
22 29 8537
58 78 420524
20 37 949478
89 100 219701
71 35 914125
30 40 646409
25 74 481088
30 14 97222
53 18 112436
81 96 693149
47 41 77957
35 21 58431
73 39 83105
18 48 199330
97 77 685934
15 90 2147483647
13 77 275215
60 27 10340
52 27 130546
47 32 23083
89 8 746491
13 72 358668
61 48 420610
60 85 414099
28 32 984320
76 1 274038
18 94 950215
79 77 274212
72 54 341011
72 10 411772
87 53 116137
39 96 476897
47 88 230316
93 15 771270
10 94 853586
75 68 242584
38 88 121064
62 36 954326
52 34 839980
66 67 920337
23 14 31954
53 79 239933
57 52 515115
45 63 144541
78 96 84259
18 70 387610
13 74 832768
88 12 524912
46 82 905063
11 26 991148
2 85 2147483647
84 44 239648
25 36 491952
68 29 730814
50 11 397545
66 76 983528
59 79 342199
81 47 797505
11 45 767570
30 68 73852
67 79 464687
5 45 919477
47 83 789473
73 65 2147483647
96 15 343101
22 32 832840
44 24 13369
37 53 212014
66 52 233089
93 77 11069
76 10 342430
72 19 149505
24 53 944336
22 33 115385
48 1 79777
76 27 360490
53 22 653554
48 97 347286
87 1 323155
84 16 361126
72 27 729062
8 2 517554
60 2 190338
85 90 193072
51 1 10558
83 82 966929
3 85 738621
66 92 534806
35 99 190092
92 11 777062
78 96 519941
3 96 781191
39 12 180196
23 53 997503
46 95 211961
88 85 1944
86 72 590057
84 73 483716
46 28 878669
64 11 23921
35 76 649903
45 53 511011
93 74 666376
47 99 904080
28 43 771080
82 94 928653
35 45 465705
40 74 81983
10 94 642663
11 98 332515
48 2 29438
66 32 495024
16 98 311703
88 73 233881
6 37 756718
30 4 471000
28 52 203597
67 35 623420
3 19 134873
22 37 474728
98 13 147118
84 27 324150
6 55 205014
44 21 344349
11 55 444871
91 32 728884
25 21 883839
41 49 512872
58 32 108252
61 41 560273
38 42 836211
69 74 551057
44 39 793607
86 99 846745
81 22 695089
53 47 695498
83 79 769172
28 78 357619
71 10 315530
69 7 658821
61 26 101087
82 19 2147483647
56 45 726384
61 31 536926
24 53 143702
23 89 440576
83 35 180562
38 88 769863
67 2 434498
30 93 259110
92 10 827651
73 72 54592
40 76 42462
100 27 335744
73 92 440081
84 63 877323
93 74 144198
46 14 447853
46 62 6489
39 97 473096
41 27 733392
2 77 218481
38 77 577478
28 78 434877
64 5 337753
39 5 95670
47 83 8181
44 87 25806
39 85 386329
10 77 330805
20 36 530301
88 12 823721
59 12 813758
92 34 640415
17 37 276541
66 83 501619
13 94 762936
75 16 22970
50 19 365083
18 37 90886
93 51 208008
81 34 952475
41 53 634807
56 15 597478
78 82 95166
46 11 877195
71 9 851843
1 45 546147
28 24 928624
39 53 87356
40 2 2147483647
13 51 323741
47 67 379659
36 63 400083
75 4 80608
57 77 654306
20 31 843057
64 95 17840
73 77 64666
66 45 232096
30 54 436588
47 52 291553
83 35 519307
6 7 866007
28 94 463126
75 1 249229
27 21 210538
75 57 939072
59 12 807547
84 79 510072
20 99 525490
92 11 426133
58 99 794314
100 57 465893
14 24 32653
7 57 509587
3 14 930513
6 72 95473
24 2 284728
61 92 693046
38 36 503831
8 53 50764
42 95 169868
86 36 449415
22 99 321569
46 95 856670
82 74 687576
56 36 531342
3 56 624273
74 12 350982
46 85 17379
68 41 639117
81 95 263540
95 72 399034
53 14 878501
91 32 594714
62 42 322604
66 52 129507
64 82 897866
73 36 163242
86 67 790073
25 26 742373
98 19 199414
48 17 56756
16 45 906693
47 84 440292
95 98 279982
92 27 479774
8 62 686557
87 2 397044
39 99 2147483647
54 15 937382
58 21 552430
11 76 84146
44 92 448235
81 13 974068
43 85 149083
8 5 336332
92 85 47248
75 12 626441
73 45 284513
86 99 135026
16 72 882087
93 33 446538
38 55 231548
47 100 6430
4 90 999088
4 39 836552
47 71 608327
86 64 132570
18 33 750135
9 87 894604
4 90 935292
46 85 258414
50 62 762706
87 19 262616
70 27 659758
14 99 668791
50 93 756301
93 29 460991
100 12 974589
24 53 847944
47 33 930591
89 48 632775
97 52 400506
95 52 595803
32 54 33694
7 95 710408
31 40 679097
43 19 496002
38 50 707847
50 95 841668
64 61 695461
30 85 354639
89 72 671697
88 2 908737
46 91 290257
48 85 66005
37 82 77649
100 79 474084
76 63 5926
55 12 195618
39 80 337860
93 26 828419
46 27 843022
53 47 636110
44 52 640312
26 96 66466
84 79 824583
30 16 997611
69 37 592927
71 61 375520
20 46 697414
48 80 495934
58 26 412554
28 29 172340
75 61 864280
6 31 759760
52 19 765599
47 64 159671
50 62 595696
75 65 553077
88 96 812568
28 15 707756
14 7 741156
37 12 678932
58 3 527600
44 32 317051
3 10 477987
6 15 717095
4 87 670972
55 5 187845
36 82 54372
99 5 376122
80 32 833510
64 85 317657
98 10 545439
58 30 216117
7 40 454125
30 14 285120
50 34 12593
62 29 769396
7 34 29189
8 73 470794
92 93 804234
67 53 38093
35 77 399731
32 79 142579
81 69 461962
70 12 825159
74 63 147198
64 40 17897
59 27 538967
39 12 214817
93 41 326547
61 100 850219
25 26 682893
89 78 983712
69 45 324897
30 80 185407
43 57 424879
84 25 889893
72 12 134080
56 39 320651
39 5 779948
60 16 460578
31 96 681720
47 98 652603
44 3 769766
81 69 272022
36 53 518126
30 97 448808
57 52 650
78 40 580031
22 74 649475
51 27 16034
29 53 574292
80 36 671105
62 33 300899
41 13 273034
47 51 525292
69 15 882095
44 60 350673
56 24 349755
34 15 743657
6 15 865295
64 68 487550
81 68 814309
18 33 815
54 27 2147483647
66 26 952236
93 36 198145
31 49 256603
97 90 995209
38 51 92170
64 49 923217
47 60 423634
47 41 983092
23 57 990588
73 83 774428
50 9 771427
35 37 456250
66 75 383119
3 17 270116
60 34 763688
59 68 228935
14 51 259728
69 24 565902
8 11 150769
25 76 629700
16 72 963289
98 79 830947
87 80 776630
86 87 913547
78 54 279959
60 16 886292
13 94 513853
56 72 205068
39 12 784982
67 34 869259
46 50 2147483647
24 2 280565
56 70 846293
9 52 515515
76 12 417879
67 63 803501
86 84 343997
44 29 423149
23 12 681710
17 87 773738
73 90 699584
28 45 644056
3 85 577384
64 53 264480
64 54 677226
55 12 785787
44 70 754684
66 26 872122
100 93 862668
88 73 141462
81 65 435396
40 74 455462
84 6 546067
66 30 13961
89 83 773835
6 37 993812
92 43 2147483647
93 90 380515
47 8 703090
86 43 879298
25 52 705245
44 100 45534
89 98 673077
95 100 471836
68 98 763355
17 98 400390
20 15 468636
95 26 241655
65 77 862015
18 55 847060
61 51 670488
49 45 42638
23 18 407490
44 31 553129
43 95 434639
93 33 770710
85 33 688043
60 63 606479
14 39 936924
31 5 970995
6 90 408204
59 65 470624
30 57 805968
48 2 95556
43 82 813791
18 100 813091
59 4 821241
33 49 276344
18 43 223087
9 21 298561
48 12 949229
81 5 38901
84 11 878495
62 94 55344
97 90 685881
88 91 572308
64 68 478818
44 3 448839
48 19 680327
71 85 892755
99 80 97796
53 27 888480
47 76 562802
71 1 919327
28 8 329518
50 68 212962
75 49 19710
95 52 210698
88 82 710688
34 15 69657
30 73 798116
17 24 443303
39 63 251086
6 42 14853
78 93 213881
95 15 428483
13 26 416738
86 50 478755
38 26 222452
76 91 646544
46 91 730545
36 19 758773
55 27 592574
95 70 79186
23 85 535395
64 80 127801
31 5 489547
41 1 343628
3 79 374498
19 15 259330
23 86 867760
20 70 851213
75 53 974177
64 65 880281
22 94 822104
68 24 298893
50 6 371157
89 74 547365
63 90 473768
4 45 889612
7 54 966274
22 21 469233
13 29 872278
2 76 333948
25 15 120380
32 79 882367
31 19 998406
49 29 158841
62 33 973812
31 91 753834
8 13 73980
75 61 448719
50 2 219319
54 21 518641
31 54 708085
62 32 740874
88 40 187877
58 83 27236
58 8 146844
10 21 759628
38 42 28698
49 74 340886
14 39 681460
23 82 772670
62 29 578411
11 42 653113
32 27 519994
25 90 801304
62 100 24849
45 19 667261
3 96 238934
53 86 983825
6 30 588544
80 52 641297
3 54 139512
84 5 807350
58 30 840563
46 12 720239
38 51 486855
78 79 171034
3 54 980229
48 11 276271
66 31 615829
5 77 854857
68 90 262
66 31 10178
37 91 117212
78 10 143039
62 55 61693
56 15 255789
89 45 706059
89 31 263892
28 83 546128
3 95 228594
98 96 229036
73 99 516311
59 34 495426
37 91 825937
18 32 599025
78 12 688631
89 33 108678
20 64 312801
84 80 488036
50 91 957941
7 27 466800
51 53 788648
58 52 163614
29 27 213954
14 41 125175
1 21 97671
3 1 460111
28 74 761480
3 27 644632
65 37 246214
73 72 114375
23 14 967312
7 34 579663
53 61 83408
69 8 644847
3 4 590674
22 83 992978
39 79 319391
58 36 185324
58 98 210588
69 7 171866
4 70 82353
64 68 225133
53 38 70272
84 95 818114
93 33 865407
16 70 279743
70 96 570786
30 65 577837
36 79 337144
50 57 755173
62 94 589366
50 84 2147483647
58 51 465551
18 24 505236
51 96 758336
20 90 990803
16 21 489380
24 40 269518
99 96 675544
16 87 857078
46 35 149762
43 91 890130
9 32 619745
18 90 316772
73 26 144389
2 94 38753
4 31 807366
24 5 562128
58 29 167589
16 74 599842
23 14 312860
5 26 765635
65 33 198620
18 48 606300
81 35 819419
75 53 377222
20 3 825464
48 96 66145
30 95 816975
18 42 592399
70 13 623505
39 53 256316
59 20 537714
65 26 575792
86 67 833467
50 61 594004
50 28 9324
87 82 767197
62 92 270419
23 54 320574
64 19 494264
78 54 925123
67 79 915732
69 20 2147483647
80 51 957261
69 74 261648
38 77 106438
58 72 9510
84 68 141693
11 76 979342
24 93 855817
69 46 424124
42 54 129280
69 15 873277
30 5 865785
92 34 1510
14 92 256966
91 15 752284
11 70 977062
39 85 119232
50 97 267725
44 29 521510
11 99 675792
67 34 242815
60 65 86416
6 90 174328
4 36 413209
11 24 983153
87 54 854523
14 42 931068
48 80 152798
38 90 789568
30 54 656284
38 42 180066
48 5 784088
53 63 48177
15 96 331422
61 99 169109
23 85 336404
42 34 298465
9 75 827142
60 96 338603
92 10 236686
8 80 861931
43 97 866334
84 16 320948
88 63 887564
4 64 168560
93 29 925583
58 75 870659
81 12 417880
88 5 489274
48 63 80387
96 12 2147483647
62 78 160613
59 53 38442
66 15 725753
50 44 694868
20 42 162590
80 36 659405
2 36 865796
23 79 474715
23 40 696687
88 12 295408
30 1 669417
43 96 278988
78 13 931621
22 55 865640
87 68 898551
20 67 410127
6 98 655220
46 9 772146
75 12 652503
71 80 240895
56 100 400192
76 80 681322
40 26 646911
23 19 870469
49 15 269173
58 51 808436
83 27 442322
47 39 547803
66 53 2147483647
48 85 916633
11 72 662603
87 10 474680
61 52 650406
17 24 558960
18 29 790629
11 90 37103
58 15 620551
14 15 218729
86 98 428471
84 85 366156
78 35 442109
22 83 714553
16 94 792048
85 15 374877
64 73 940490
99 1 403823
78 13 736908
17 87 813459
9 21 438169
92 68 138504
87 68 982592
81 19 615914
43 27 75763
53 2 939102
67 2 266960
25 72 69713
97 21 575404
17 87 233493
25 39 282927
27 96 2147483647
11 87 985521
48 85 585303
3 95 961900
3 68 241913
72 27 602038
30 17 489086
5 90 536173
60 40 904351
3 17 208425
81 1 512442
81 82 670973
14 60 115930
69 81 764352
55 49 483397
66 75 799985
18 32 915952
18 39 540831
13 51 100658
87 2 55644
34 90 558556
74 53 620714
32 79 640131
49 90 662744
18 43 446371
39 63 565603
31 82 717933
6 100 345473
75 82 708732
28 36 554546
89 32 78268
38 45 341821
78 22 438094
35 72 848973
88 63 311090
53 11 955340
43 82 898143
91 26 249214
48 11 132680
86 94 328286
62 77 259842
30 16 933272
44 64 307001
47 51 500960
25 33 695903
71 53 270874
99 49 34090
67 61 594522
23 49 302650
39 80 106049
81 34 444270
16 99 724179
9 28 2147483647
44 99 475312
1 94 161463
8 10 132700
5 33 751785
18 87 622296
23 5 349773
8 5 113321
64 91 948498
17 99 859388
56 15 591913
75 56 696297
71 97 705506
35 100 189150
48 54 774997
8 85 608065
86 67 339752
60 79 940227
23 95 264067
28 36 574748
71 1 143015
31 19 874229
71 10 904149
50 73 428274
64 85 770683
88 80 399396
59 2 230622
36 93 558296
25 41 595678
16 90 685259
27 90 120845
81 86 365233
29 19 28283
9 45 197662
56 100 179775
56 77 463467
51 82 66546
89 15 258146
41 91 104029
67 53 323771
81 62 622856
23 96 93235
88 96 524794
60 80 869358
80 33 975622
61 100 922011
81 5 118231
41 54 285157
47 78 739101
11 45 948224
40 45 868035
95 37 299960
39 82 245452
62 77 763463
75 61 466677
46 28 172735
64 73 798551
64 2 15669
16 32 249444
91 45 1592
34 15 910240
39 19 556447
92 5 997727
88 91 424573
91 77 69124
58 31 410789
3 93 958279
65 33 556577
74 77 2147483647
53 18 654522
6 39 655382
33 1 617762
38 88 79334
28 70 629597
76 96 574748
3 54 35399
84 19 979910
25 51 49828
67 44 293562
22 42 204662
41 79 907776
66 87 263711
28 32 526625
61 41 181967
4 24 789819
41 63 992962
91 26 2385
81 80 564439
60 73 271783
78 63 520878
39 85 580353
17 94 693406
23 62 422537
23 17 284213
57 72 729209
88 18 234269
65 55 577280
18 60 261968
23 16 922396
97 94 705231
81 20 290273
59 49 307824
95 55 195199
3 14 326155
8 79 376495
29 82 962229
47 77 383087
14 31 599336
13 33 669497
80 55 953548
72 27 879264
59 79 503712
53 82 446192
73 39 173549
71 4 913623
8 49 311650
64 63 64177
4 26 519035
71 46 2147483647
93 32 982514
24 12 554571
63 15 339275
50 44 739905
44 36 78621
31 79 959748
49 72 935393
84 28 172395
69 87 379016
38 42 687712
65 92 451060
40 41 392799
20 64 501755
84 61 585410
83 85 978428
38 88 493254
66 94 543028
40 36 120082
44 83 800114
53 49 727854
43 85 929745
70 96 780859
30 25 792113
61 39 243157
38 42 275510
9 36 638697
73 37 220629
42 1 842116
14 31 891830
98 82 454147
13 26 628265
48 79 645635
87 40 202025
89 41 917986
61 29 846007
84 5 926551
7 34 270946
22 90 929317
70 79 490654
83 49 541392
18 94 259375
69 23 872721
18 76 926759
92 19 122713
68 72 133564
33 52 2147483647
32 1 272529
61 39 434220
43 68 194839
86 24 122277
76 53 705160
88 10 278968
71 91 576138
64 11 635301
42 54 812386
67 2 62776
65 99 825982
7 53 179306
42 95 710003
62 24 529011
6 74 861248
9 83 969234
68 29 479271
57 77 293361
3 75 2147483647
46 11 803071
79 74 36386
18 77 66203
8 22 645579
47 26 28161
33 34 97795
59 19 624522
26 96 846087
43 54 980506
6 51 933731
66 23 401030
47 37 717129
48 53 701529
41 13 307067
68 55 769979
28 72 774714
59 4 332082
94 12 39207
84 80 992687
45 27 186372
3 53 896637
80 98 945956
62 33 775683
67 56 638279
24 40 59331
44 30 124565
53 27 513793
84 97 920615
50 40 483184
88 89 553908
6 15 443403
67 95 868462
70 49 369112
20 76 124464
88 54 404467
32 1 532225
66 74 987179
92 85 38284
7 54 27370
75 18 323718
11 43 917634
3 61 135091
71 58 979809
81 68 133054
62 51 94741
35 41 908829
22 42 35889
22 87 175679
17 41 859906
1 45 825462
38 7 969650
68 100 347285
4 78 568320
67 65 186229
14 75 89965
10 21 324626
42 80 641286
43 25 116710
34 77 931033
92 19 485103
48 35 222295
81 34 34974
38 94 214367
86 76 85680
59 57 621632
20 8 985606
7 95 265425
18 98 895128
75 22 477795
45 96 321732
31 95 601378
31 91 176592
69 60 837404
35 15 79298
65 15 140195
71 56 961373
19 26 434217
69 84 325182
66 51 412900
81 56 757730
78 82 984122
88 57 408160
36 1 622707
39 82 799381
29 49 811380
98 57 15831
4 73 2147483647
66 46 729001
6 51 392984
8 53 934505
20 7 596632
24 85 567182
25 21 55945
87 17 667404
25 90 380239
53 20 438293
31 2 811390
86 94 441517
53 93 15915
35 45 934692
46 63 790520
25 29 324944
44 21 949453
8 16 265575
9 67 709475
20 39 878244
23 89 625304
76 82 691802
9 45 853163
20 72 910490
47 42 915765
71 49 536269
86 30 395028
64 16 138731
46 68 159990
23 27 604470
24 100 2147483647
86 8 262362
33 54 87494
71 18 623573
71 2 694047
78 53 295669
86 39 264720
92 97 373397
23 68 648384
5 21 636502
58 75 949305
46 4 290051
38 83 287596
17 26 359247
100 79 46765
20 29 94005
64 63 725181
58 50 650999
68 33 314263
66 36 413669
42 96 212125
60 56 699924
71 97 901376
47 100 928604
85 90 206032
62 99 396615
50 93 894317
8 13 581512
23 86 439507
59 61 12620
8 63 738868
58 78 244444
23 17 196061
88 63 265286
66 30 261892
47 72 778076
51 49 699646
35 26 800949
41 12 664841
25 29 974058
93 52 406377
46 86 307149
75 11 882745
50 86 983184
80 77 370408
18 98 55336
33 12 965682
67 1 519794
75 11 306517
44 48 729018
7 64 2147483647
22 31 984104
75 65 232146
22 31 928092
53 1 771879
63 15 222899
57 33 855844
53 47 898806
93 36 658146
32 57 368622
56 94 490254
43 11 711731
4 31 77586
50 82 681661
32 54 342464
39 19 646173
23 20 526729
92 34 839195
88 82 562921
51 1 662777
28 83 167395
84 85 714586
43 10 861295
17 100 893576
64 16 795349
42 27 426976
50 86 528362
66 75 929064
53 28 728327
92 34 324436
50 95 45183
38 21 100176
16 31 784389
78 54 759369
99 2 618545
23 47 92476
22 36 626968
44 15 569449
47 88 266844
36 49 3762
64 35 113617
18 51 649843
84 93 517811
16 87 385100
17 76 599007
9 92 342736
71 44 936501
11 45 819126
69 33 334078
48 11 394732
86 45 907072
4 52 789078
5 74 902203
43 82 492470
28 88 947258
31 13 40457
1 74 301773
81 25 589523
1 26 990912
89 48 245959
39 63 621380
47 72 839354
53 85 902031
97 15 298253
22 99 775053
75 25 197098
78 79 946206
64 2 389841
99 85 494913
75 16 712198
64 57 417841
18 60 213641
69 41 11022
18 100 314324
71 82 438814
38 3 11336
58 52 190211
92 27 557398
66 98 403536
50 22 807037
41 19 377696
37 57 186873
7 18 221954
25 51 634641
9 21 996693
50 5 983835
29 54 772556
30 53 494865
83 40 346052
39 12 235481
44 77 313557
44 64 956686
83 54 397646
28 52 728866
64 96 137957
35 100 850077
59 1 784470
88 68 861880
65 77 373977
8 80 231202
65 52 399813
31 10 81744
62 55 841635
60 80 544703
69 39 846846
62 87 585477
44 92 9651
17 24 235959
60 56 476671
33 19 756338
49 21 381230
40 39 54774
18 43 813764
3 10 101678
72 10 190197
20 50 475190
58 76 605008
44 78 623651
18 43 506468
3 2 776299
57 29 430136
20 76 384214
80 52 816326
20 37 438402
3 82 284197
23 79 89363
43 2 186892
71 10 388833
86 74 880083
87 34 140066
18 43 243028
79 15 377901
2 41 649192
76 34 206937
89 77 433643
23 97 255667
78 25 738002
66 100 857666
48 95 518616
22 70 261253
67 5 869363
87 10 53125
4 60 956672
58 33 446437
61 72 572917
64 5 885696
51 63 115730
32 13 157984
97 55 124824
35 70 596249
64 56 766983
61 51 269019
59 57 905164
69 21 953173
81 79 552617
24 85 35221
10 94 322153
24 12 316654
71 53 106680
60 54 753250
47 84 119131
47 58 2147483647
65 42 393736
85 97 2147483647
76 19 994561
34 77 308030
47 21 673521
58 100 582647
43 5 401548
58 51 742653
3 68 778761
44 64 586401
75 5 834331
30 54 431250
47 92 973439
44 21 793514
100 25 641158
20 7 723481
44 36 754107
74 63 347772
95 83 778137
7 25 566518
53 5 614501
69 21 37139
40 94 864446
60 27 739555
23 96 683717
11 72 970512
89 3 98970
28 75 853551
17 77 428021
46 9 658844
53 38 84096
64 13 898258
99 85 600669
46 86 340243
50 17 417116
8 14 359593
17 76 99001
53 61 108205
24 91 333328
95 90 101632
37 54 349271
92 35 916236
43 53 324479
95 94 722107
98 96 375507
32 49 774579
28 39 997269
95 100 254312
22 55 449610
71 80 950478
59 85 761091
36 27 544523
52 34 399993
38 31 190729
42 87 2147483647
76 27 28876
88 2 959718
64 16 708892
50 44 730749
25 52 84515
66 8 479568
4 37 410144
16 52 835125
68 33 356183
81 2 782554
17 45 991961
7 95 839736
28 42 343641
69 87 952364
68 72 451518
18 70 75030
44 98 367520
35 29 884532
81 27 794895
50 9 176988
72 12 279870
51 19 424625
20 46 952861
7 19 448776
2 74 987596
87 49 722190
91 26 760006
17 39 319364
30 82 825580
69 77 252647
67 17 840901
51 53 446037
65 15 489357
62 39 830086
65 94 179048
58 55 68209
81 82 50524
78 97 669159
64 65 474960
100 13 598710
91 41 273483
75 62 650573
69 99 705236
18 60 246895
58 3 279407
30 6 149056
73 72 691660
60 1 292857
33 27 835235
59 16 998491
92 12 153497
6 42 603854
71 27 265378
73 15 589785
87 53 177691
81 19 250843
30 19 754475
28 75 66633
17 83 792121
70 76 2147483647
30 79 741462
44 39 809231
13 21 990047
59 35 489338
100 85 71604
35 94 433007
40 21 394450
47 45 503506
23 1 1004
38 64 463047
4 29 549116
84 27 889113
28 8 363759
88 19 40739
34 77 697726
30 35 242974
14 70 706243
53 79 622361
76 53 121399
87 95 777426
44 32 710501
91 33 155985
48 12 514403
66 33 858196
81 17 136554
16 43 497838
98 36 2147483647
61 87 806299
46 63 440565
86 64 344332
45 96 750309
38 90 454017
71 40 772733
47 67 935461
99 2 755325
5 45 94267
69 81 828800
66 8 458614
88 28 120697
52 34 874743
62 43 143032
98 82 908562
5 21 172092
69 36 605929
28 94 990587
7 91 489864
10 45 789092
8 95 496973
93 32 910057
35 100 893883
20 78 748763
84 56 890148
40 55 314149
47 84 510706
44 24 614175
46 44 479598
66 72 414088
9 33 676031
23 14 213186
70 19 370107
11 31 491551
61 33 268089
47 87 558342
62 90 517858
73 83 339534
62 32 454847
22 41 472925
36 57 334939
69 52 254552
20 48 914110
69 75 224312
93 74 408521
87 40 781153
61 21 968332
65 90 142692
45 19 181139
8 12 975945
69 70 142329
53 12 830189
27 90 286918
31 91 405005
80 45 118000
48 12 203833
22 52 8499
68 25 2147483647
29 19 980947
43 17 370398
4 78 736838
25 76 611495
80 52 718154
95 74 574995
24 10 205041
83 5 128140
86 83 45066
44 52 887609
8 18 443242
10 15 5399
23 61 610963
39 53 186872
39 85 606705
43 10 957933
62 90 374087
77 53 638520
28 89 2147483647
3 85 127976
6 43 299108
76 98 2147483647
97 80 2147483647
7 68 131466
99 13 708586
38 51 428485
29 72 2147483647
30 35 215583
9 70 373884
11 52 827307
47 77 887422
65 90 686692
57 33 196417
6 32 590997
50 63 10777
73 42 832787
81 47 121295
98 54 691883
42 5 571883
41 53 302236
81 96 993187
30 95 875775
3 49 926459
53 73 528750
31 19 832865
67 13 481718
81 10 891428
66 29 997410
74 27 646598
71 97 92753
6 21 997177
88 44 267959
43 63 743673
44 36 842627
81 47 253
2 45 505042
5 15 814762
86 99 77114
61 26 744740
22 26 69507
56 70 790825
43 54 45753
88 80 544573
49 90 489133
70 27 706230
48 85 372536
55 5 584330
100 93 736125
57 45 315418
46 91 109249
64 73 427725
66 24 204717
14 7 676281
56 52 285126
59 28 41046
8 93 180169
13 94 446344
28 24 114557
62 42 222157
59 96 616245
13 94 986196
6 32 795635
38 52 908225
64 11 285046
88 73 114784
19 26 669482
43 49 966762
91 45 850004
42 40 87486
32 19 43880
56 42 174373
48 19 641102
25 41 737649
89 55 310295
28 75 582145
51 57 303965
93 52 77835
87 91 909657
1 26 346336
4 32 255111
40 51 267317
11 15 459665
64 25 713739
42 85 830930
50 86 314788
26 54 61648
6 90 831134
61 29 89853
49 29 92620
59 44 179963
8 17 983279
18 41 747679
30 96 485515
38 32 369652
38 50 839152
36 63 871318
68 21 354811
7 18 428969
6 48 461250
20 37 114759
30 85 618554
50 80 875899
53 61 142212
23 5 939437
24 19 203797
23 71 2147483647
41 82 619067
75 4 753508
59 86 16944
63 21 663075
60 61 97027
62 92 533869
6 92 858870
92 12 343163
63 94 61887
83 82 179617
4 70 211654
31 91 530708
69 74 492340
80 98 403311
65 48 839320
42 25 535852
7 22 502109
62 64 277911
55 12 238954
67 1 481467
52 96 79778
35 77 707859
17 33 222528
89 29 332413
88 4 117169
28 83 251474
87 97 693380
59 65 578750
100 25 676343
85 29 384466
75 97 418186
90 12 92697
25 70 356524
20 72 690704
72 10 843812
9 83 643085
75 82 872181
18 41 642387
84 2 175490
24 63 526320
28 36 752463
43 80 312006
10 74 681786
39 57 783967
32 34 285934
8 40 230418
37 13 532190
4 83 496273
67 35 81864
9 52 824322
71 12 786558
68 77 403579
58 75 685902
64 2 322298
86 76 338259
61 24 863785
11 72 523714
84 17 572597
9 52 994970
46 63 712390
88 35 808088
95 24 63866
73 78 54163
6 55 322942
2 29 241651
86 75 422775
88 27 90117
16 41 369890
25 100 712225
47 88 364178
47 74 907009
47 51 579631
76 5 158228
39 2 735663
100 2 885802
74 96 33431
67 11 220631
58 21 715985
69 37 778284
14 87 674110
67 14 791266
47 42 964068
95 94 362877
47 8 702521
92 53 734905
69 29 10718
74 34 853552
65 42 629136
20 3 948485
79 33 742093
95 41 366141
60 40 640283
100 85 722857
89 72 399791
47 3 503190
4 37 827968
95 51 268837
69 43 422580
46 12 887267
81 35 124571
55 32 2147483647
71 13 429520
30 40 647901
80 26 812641
16 33 320853
88 65 345259
3 91 436041
84 63 956554
83 13 970600
44 77 505844
58 41 636349
4 31 164952
44 30 767612
73 98 45882
2 52 824648
47 36 180742
91 29 572568
22 52 607470
56 33 822939
43 85 220770
49 21 269144
78 5 855215
7 95 290367
91 41 451707
46 56 738615
70 5 247151
3 16 130335
13 77 823223
19 94 258712
98 91 170204
53 61 189488
75 85 205391
16 76 410153
1 90 305746
53 44 832396
84 88 2147483647
40 76 449303
38 42 826617
22 33 93359
64 16 570699
22 77 660348
83 12 969518
78 57 649610
68 36 445901
47 32 448138
95 70 787197
71 57 600961
97 26 37269
62 75 983050
64 17 955516
22 39 357067
33 63 178472
81 61 202881
71 62 749689
85 52 816873
78 48 2147483647
37 27 789470
58 51 134005
58 76 100797
43 93 507430
20 7 98651
50 2 669496
20 60 996712
69 52 578401
58 45 916485
70 27 788603
45 54 450407
50 65 619797
6 36 63418
81 47 827194
50 62 795409
14 36 660236
28 88 154624
42 56 855529
69 51 499878
100 39 2147483647
13 90 766200
58 50 919070
25 74 722149
5 33 640191
23 80 402860
23 34 459025
16 24 376016
88 17 407526
23 17 453618
16 74 195761
14 29 657142
25 32 862407
46 25 788915
78 1 938543
99 1 911120
46 1 792970
66 71 761399
55 63 973360
43 5 229485
31 93 53919
69 94 505409
47 32 318423
75 57 872609
97 41 923059
7 34 596774
43 35 253119
81 80 367182
38 59 969342
40 77 289456
73 92 75963
69 46 847933
61 55 116496
89 70 559114
24 82 463171
60 13 486023
89 31 288968
65 37 542084
85 21 381114
58 8 412806
25 39 921842
17 32 607587
67 53 964756
19 74 477386
17 24 414990
4 33 269044
87 10 315257
51 53 798676
44 21 155485
75 11 319091
88 6 743056
6 36 982519
47 39 359143
53 59 2147483647
75 7 2147483647
38 37 821388
22 100 954991
28 77 38105
7 10 50207
62 51 609575
23 63 460964
6 92 347775
86 78 17644
95 35 2147483647
48 57 557833
56 39 381033
9 70 297302
78 35 508228
5 32 297296
47 98 492078
75 95 665899
66 42 489472
81 19 643854
35 98 255445
38 77 10485
11 77 384499
30 25 988165
24 85 441238
66 29 414777
32 19 501819
97 36 671854
75 96 519593
83 12 698174
37 68 794733
56 83 765002
79 74 908249
73 41 13553
31 63 561956
3 61 574840
66 94 25801
89 42 235230
85 15 40546
69 83 641178
64 25 199369
3 17 3482
39 93 697654
87 57 941894
62 48 250034
30 62 500648
47 52 16272
93 33 985698
51 63 736410
20 77 85683
48 68 601929
68 70 996160
44 51 963280
50 11 28595
16 74 79161
56 72 291378
80 15 926681
20 64 962447
46 35 664027
70 19 232075
89 55 678357
5 29 962251
16 51 587990
28 75 417801
81 61 594896
44 6 2147483647
42 1 260794
22 74 395646
5 26 472791
53 63 294909
78 27 158814
27 90 783949
71 65 197796
14 52 840765
86 26 879569
64 53 161439
33 96 625230
52 54 511001
23 57 928129
36 54 590940
80 90 154212
86 33 744349
44 30 137494
17 51 45662
88 53 856857
44 87 262254
56 87 317113
61 83 23488
22 74 942414
6 78 668296
24 96 983411
8 79 428184
16 45 984336
7 22 941055
28 98 183078
11 72 625726
60 10 150562
31 10 213725
23 1 236238
6 94 268138
53 68 778318
86 94 849767
62 75 612834
81 93 936122
23 54 43280
89 87 725070
97 29 968332
70 54 643349
76 97 673856
69 50 210530
81 73 312547
88 44 635230
58 76 530215
95 100 437157
28 55 147027
92 1 568751
67 2 561514
22 90 29817
38 64 752483
13 33 368661
3 27 641153
35 55 284688
22 90 732775
44 26 894653
48 68 312501
76 63 45904
93 77 457739
87 85 60223
6 33 452850
8 95 431437
59 9 964727
55 96 934167
24 49 237629
46 86 371257
29 27 21452
14 21 986893
6 43 143352
4 92 331259
18 98 654267
66 42 978919
57 52 426983
35 76 763751
20 33 836595
2 98 879939
43 93 331760
31 42 2147483647
86 30 675604
44 21 465428
37 96 371646
100 91 384467
31 91 266468
53 18 295079
86 52 503689
99 49 261731
23 35 152270
39 40 999448
11 99 473346
40 21 308339
92 96 232929
46 16 746087
9 30 540275
38 74 540459
89 94 816298
84 28 884730
23 5 749808
66 71 937277
89 39 212137
31 82 761070
61 36 826072
88 85 195589
88 25 845824
81 13 711620
37 49 819452
5 79 2147483647
67 82 212273
83 49 792173
81 19 629541
16 11 2147483647
91 32 5381
63 21 730331
86 8 7799
25 99 726444
38 84 342327
23 18 373313
66 15 416766
3 82 324211
5 21 639666
44 31 977524
75 5 21310
83 80 107635
47 43 866221
95 29 816355
47 31 242266
87 85 418422
73 70 145991
59 4 254326
88 34 927877
14 94 458636
73 33 550266
3 19 164539
38 21 831064
47 50 254007
24 79 211313
16 24 532163
82 94 887175
73 100 235521
70 34 414425
64 49 134071
71 97 187129
25 39 526522
83 79 662467
47 74 488027
81 34 742506
30 57 496723
53 97 593926
52 29 2147483647
5 29 624386
58 24 788953
59 20 151750
67 34 905315
78 19 504497
71 44 490494
84 61 981037
89 33 749635
30 27 797484
56 36 823245
6 24 242044
84 89 566197
70 85 742337
40 55 49759
31 34 164520
28 37 271532
56 21 556652
4 60 198319
50 34 32102
69 8 759603
48 5 793588
7 63 207705
60 5 902618
11 22 2147483647
70 53 823386
71 5 620721
38 55 802030
67 5 672062
66 33 167195
55 27 539767
44 70 360154
23 16 671149
88 25 808109
11 70 170439
88 89 330498
4 39 615850
88 27 32409
9 45 96509
17 99 485954
10 74 387484
65 29 575405
64 22 169198
91 29 552246
70 63 472258
81 35 24191
50 65 344854
34 15 323752
32 79 727645
81 5 371726
8 11 370768
56 17 2147483647
9 78 612515
18 36 873314
47 37 238643
8 11 611151
60 19 784593
80 77 616743
28 43 335347
22 39 101477
69 7 769782
75 73 653850
62 55 188693
61 21 713122
9 87 268495
3 22 672466
60 93 612253
20 100 527126
75 79 382093
89 52 424991
2 90 152738
53 96 397033
23 5 998488
32 27 294363
35 100 370140
68 70 532144
75 22 505969
11 100 292493
3 57 733024
92 2 313535
48 27 602694
58 90 754402
9 39 22118
70 85 395972
41 34 711981
64 82 984850
73 83 720716
87 68 335415
78 22 85088
22 41 881569
66 94 505643
22 77 345695
7 17 658356
