100 500 64 68
97 1 597234350
42 59 1020828575
52 59 1341185789
46 82 534859215
84 98 1408384018
95 85 97421544
50 51 1658946459
71 91 1071433566
16 5 577259372
79 16 941940144
32 66 2144021311
42 94 132280559
100 83 2093384600
34 98 1633024304
31 69 735801701
68 13 632197336
70 25 868338831
60 91 1425942280
65 15 1238959402
32 59 838577269
97 23 564889300
90 82 1524426131
24 35 2140150772
74 91 959088924
42 92 1857840857
6 80 1664080339
30 11 463798958
72 43 1076720827
39 45 60587339
97 67 1879451703
71 67 48744086
53 50 1608149782
39 74 1136046424
29 98 2121103447
72 7 803212772
51 99 738242065
14 57 2023612871
56 85 2023304352
53 24 1808750076
19 79 1957209414
85 65 1263138862
34 99 1870559733
7 75 1764268937
57 75 890167427
63 47 881279507
61 13 325923230
18 36 2003779580
54 40 340736445
29 68 1057703401
59 34 1098672553
75 97 1302221171
73 82 85754907
48 71 1121183540
22 50 106206898
20 57 147397554
32 87 955112717
19 19 2045949077
11 65 1736221946
78 18 1102652151
64 71 205827031
12 94 925198289
93 1 1162026363
15 41 376977388
64 39 1853581435
72 46 1270491008
58 63 1578402527
28 92 1368074411
44 91 515635881
61 42 1044391291
83 74 468123421
76 15 744041684
76 79 987801295
68 67 922478339
59 54 164858105
4 14 1752591668
18 93 124507591
9 4 2048980048
51 38 939854027
93 29 1432833271
18 50 290653883
32 86 759472066
62 81 1994025341
80 72 1932584969
85 77 1696334488
50 45 1391480798
43 36 1165421453
98 36 1973269170
35 16 1566005731
64 39 1679853081
65 22 1269979725
51 88 542212694
83 82 421750278
55 3 2070618839
31 43 1570828471
28 42 775960607
15 47 956506257
3 70 1543384299
18 1 1757185496
56 34 2113545731
77 12 1509372646
17 6 412789662
98 84 1715322112
100 76 2109803995
42 99 371230001
35 6 959425531
34 15 1332014958
3 66 1613505873
55 63 1705394675
88 46 400051744
51 44 1277793999
57 6 334308027
92 71 476549543
19 18 1551060240
17 19 1195457791
75 2 1106076685
41 61 526914071
7 86 623391404
69 13 1221294206
66 57 1739144560
61 8 1709311900
66 35 254292302
88 79 63782110
5 71 1559531602
75 63 369708672
77 100 212625441
89 71 1864242515
74 76 1986098855
38 34 2121578761
94 47 1880384081
1 47 1228576898
35 1 1675529858
65 12 1486548976
36 14 229472715
50 86 14105072
49 79 1211676046
19 94 486643874
46 2 1318507162
80 15 1025804487
78 49 1313930524
24 99 435453369
76 10 1815650669
87 86 1493863156
100 1 2094124020
38 73 872526207
16 72 1172011156
62 46 1951171904
15 61 1589438875
81 48 710203472
81 25 534759903
80 94 654769080
89 16 632059255
26 24 720922731
78 96 985141617
3 4 836763869
74 12 645498158
71 17 623969925
31 44 488938038
31 68 79017704
55 72 1515787685
100 52 237181117
15 8 1766742196
90 91 1337549836
86 8 436153013
89 29 1439508091
100 87 66752845
68 13 1824530618
63 51 757034340
31 56 330254823
2 93 1569996553
5 10 1495222759
64 59 541386810
54 47 524139377
14 61 789859966
42 4 1285188951
29 49 735168891
93 67 311810943
95 59 1966287010
2 82 845585025
94 87 1954875755
56 46 1533951808
66 9 237582264
12 86 845310028
72 52 1930574181
75 56 183549046
23 47 735965788
41 90 2085838916
52 53 562171060
33 30 948867554
20 37 1177462456
17 45 616259801
25 9 1649924356
62 89 1750231021
14 23 107245985
21 69 1452089556
67 57 781818883
9 25 310670457
13 85 1863174898
42 92 1901399249
78 48 755598333
74 1 2143252352
34 58 1117133121
23 31 366111097
45 16 414325659
13 25 2051636772
22 8 120782444
46 65 1799382510
83 15 956796970
26 16 1706796482
73 2 599998775
73 6 1738763252
82 27 214590777
65 25 560030911
32 84 1472910033
56 8 588835029
15 52 238838593
32 14 1158886514
98 37 1139850412
14 19 743901346
15 47 919906871
20 51 697845795
99 29 693977919
75 40 410743953
10 25 1598374917
17 54 69149500
20 47 1570124556
85 14 440668022
21 26 1286417653
92 72 1675581051
90 95 1362073816
40 90 1101494282
68 61 889611153
7 14 1843557551
31 31 34477277
36 32 171663286
83 40 11785054
96 62 1823108673
73 68 962565710
96 71 534436782
90 87 98034725
31 21 253358314
91 74 591687154
5 78 1327612021
87 55 873680180
70 42 702801662
61 96 1403811498
75 22 1068064632
42 84 854447579
64 66 1902810751
50 92 662088198
22 6 199670439
47 60 1213403269
24 34 102297311
31 14 1572063815
24 28 778626754
71 26 2086102923
92 10 622165936
27 89 1122451110
93 92 578408803
84 90 665620066
41 29 598675067
53 50 1479068088
86 62 2048926634
51 29 2004324610
78 83 1379739292
56 59 346833967
65 95 1064877337
6 57 1062010781
49 60 1300800007
39 78 168198151
19 45 2057207234
21 85 778734627
34 19 1219434779
62 81 411952416
97 25 1377451366
55 92 523765995
1 82 1402191450
9 63 785825067
68 22 1676598072
45 74 1682353920
41 60 1465180810
25 87 1224749181
95 18 26978653
28 34 121650186
52 52 933343947
96 48 1093203043
77 50 539846749
91 17 2042924649
12 41 282436909
37 62 131759628
97 24 109029224
35 57 812920764
53 10 1575018688
86 96 149282335
90 44 687519962
37 39 274503565
86 89 1404550760
3 90 847571588
43 100 1813060478
56 28 1306850142
32 53 1644622378
88 69 588617126
98 58 1065052661
45 93 2145880113
88 7 2095568250
79 72 144084791
67 33 1110163027
8 73 2101027113
7 4 1755018467
87 46 1748735161
39 76 1617047469
7 3 677652552
16 16 155299591
60 81 76967240
66 83 564305685
38 75 403175224
22 2 686778902
46 67 1954963468
49 86 1955686276
46 100 971384234
22 21 1281300620
76 73 846981010
91 64 481346169
23 5 1759414784
5 90 535501896
79 66 1792094761
33 69 1508729650
51 89 1089957323
89 17 1383349369
88 52 2054482617
8 24 115239915
32 35 1505210936
47 4 370561863
51 40 2071312653
92 36 163408827
58 50 1037385931
78 52 542361462
66 28 1935982094
83 97 876823996
86 66 1267389284
9 81 561445823
95 69 376041082
50 32 1388827613
42 37 1607621360
29 64 1109389562
30 48 458437906
82 10 57941615
9 56 594679592
57 52 1876131657
22 89 1563016791
55 12 626719228
75 95 348539589
7 60 1575458883
95 72 493855985
59 35 1010629326
6 41 1513797154
67 56 1647970584
22 100 774395617
25 57 2130513225
13 1 657221833
25 81 556487706
71 70 1943550760
30 54 2028654635
2 91 1182361193
88 17 1475983087
80 23 925445497
87 59 568134354
86 76 946411120
94 53 1848774241
94 86 2004564066
75 93 533686230
96 5 145070206
49 92 1214757076
91 37 836607158
7 77 618241811
82 74 1669050598
40 29 152504129
16 1 421511315
68 95 923268100
6 13 1386422493
50 43 1226507639
6 50 1070242765
50 26 1266167460
86 36 1242256961
62 47 1492367251
88 97 879644010
68 26 917884391
68 41 1107575330
62 93 75628797
74 87 2100041665
17 78 1395584822
18 43 666229623
43 55 1855526828
31 16 549680129
77 20 78534367
26 82 1918072628
51 73 551289467
44 3 841286534
36 53 1586991302
22 18 342210715
51 92 1258992489
93 15 576055557
100 95 585953774
67 77 355960568
86 44 722683098
67 72 156879527
91 92 327600452
46 26 1387350002
98 80 1610155845
67 96 1919286081
58 37 1553679554
24 94 1739843905
70 68 1400538249
46 36 1801930048
89 87 2038792615
13 14 1456009552
4 66 933224871
81 20 1388322961
61 66 1781395506
8 99 40587655
44 5 413424721
89 62 524230
56 12 1615599453
43 12 671726275
29 79 2013552120
42 84 1424644061
59 55 823074725
79 68 760133580
96 27 2077107160
94 82 2066019472
50 4 1069081231
12 34 345284926
75 40 470686114
38 15 2031238569
17 87 1087935564
52 100 510943844
6 25 457142938
25 5 1254133296
51 18 2141781274
33 42 435275421
88 26 201385466
21 52 846307316
60 67 1962401227
26 88 655238153
13 4 874231790
64 49 363207458
89 87 578174709
45 35 304874766
14 62 931630591
8 83 2092354041
33 50 1680149125
84 66 108440564
2 45 1672719885
42 50 1546135596
45 40 400413974
93 99 249107138
31 8 369375501
66 27 1584293789
27 18 359028286
9 11 918169799
10 89 1032770506
27 53 1771911638
71 90 1333394474
20 87 187905127
12 61 366682168
62 51 810177513
69 52 2029335005
47 94 186330288
64 80 830263953
75 79 1807949979
15 38 1407180139
67 76 1976823549
57 2 68220227
95 30 1938738698
7 98 1801166169
57 63 529734432
8 21 635134593
1 9 548057714
80 62 573378560
11 93 1642727724
48 84 1553491950
75 33 1985820364
77 13 900669882
58 11 2118244038
7 32 742227484
70 17 1468001490
90 10 249705898
98 24 1751683506
11 85 1115777158
3 61 848498790
86 63 1868018200
71 79 912138599
83 61 1900255273
45 52 1870795401
28 88 1011664110
44 79 1837027217
54 77 862094938
29 35 116202279
65 46 1933163176
25 36 700790638
39 88 374518292
